     0   924  1504  1123   359   949   594   892  1167  1955   973   690   458  1088  1008  1238  1465   348   688  1177  1177  3434  1069  2566   837   756  3047  3447  3514   670   869  1101
   924     0   580   443   587   973   681   495  1952  2427   650   820  1099  1545  1576  1107  1509   958  1608   254   254  3936   147  3223   317  1176  3693  3950  3751  1372    57  1981
  1504   580     0   643  1162  1368  1191   886  2498  2846   992  1298  1640  2010  2058  1389  1806  1517  2188   328   328  4327   436  3699   777  1669  4156  4340  4006  1906   635  2552
  1123   443   643     0   871   729   635   280  1932  2203   352   701  1421  1383  1945   757  1175  1010  1751   468   468  3685   451  3066   289  1065  3519  3698  3401  1694   472  2044
   359   587  1162   871     0   947   540   702  1498  2185   828   691   551  1287  1090  1201  1512   545  1044   835   835  3689   728  2867   586   914  3347  3702  3675   824   531  1457
   949   973  1368   729   947     0   407   496  1298  1481   377   265  1393   666  1953   295   572   641  1345  1135  1135  2976  1070  2340   658   423  2791  2990  2793  1619   958  1495
   594   681  1191   635   540   407     0   359  1312  1760   391   161  1011   867  1572   670   975   383  1137   899   899  3273   809  2542   414   496  3012  3287  3170  1254   648  1409
   892   495   886   280   702   496   359     0  1652  1973   159   423  1244  1125  1791   614  1015   739  1489   640   640  3472   577  2813   184   792  3272  3485  3257  1509   492  1766
  1167  1952  2498  1932  1498  1298  1312  1652     0  1068  1614  1232  1462   727  1810  1512  1393   996   714  2192  2192  2374  2093  1425  1723   884  1903  2386  2705  1478  1907   369
  1955  2427  2846  2203  2185  1481  1760  1973  1068     0  1854  1609  2362   903  2805  1497  1126  1647  1742  2611  2611  1514  2539   943  2123  1282  1343  1527  1642  2452  2402  1430
   973   650   992   352   828   377   391   159  1614  1854     0   391  1356  1034  1911   457   863   767  1522   775   775  3343   723  2715   343   734  3168  3357  3104  1614   649  1760
   690   820  1298   701   691   265   161   423  1232  1609   391     0  1129   726  1690   549   822   407  1150  1023  1023  3121   940  2411   529   371  2877  3135  3009  1359   793  1369
   458  1099  1640  1421   551  1393  1011  1244  1462  2362  1356  1129     0  1525   562  1675  1921   805   810  1327  1327  3807  1224  2886  1137  1211  3365  3820  3950   275  1044  1287
  1088  1545  2010  1383  1287   666   867  1125   727   903  1034   726  1525     0  2025   815   669   758  1092  1747  1747  2414  1666  1689  1253   381  2152  2428  2427  1665  1515  1026
  1008  1576  2058  1945  1090  1953  1572  1791  1810  2805  1911  1690   562  2025     0  2236  2471  1348  1097  1772  1772  4183  1680  3206  1669  1743  3670  4195  4427   361  1525  1543
  1238  1107  1389   757  1201   295   670   614  1512  1497   457   549  1675   815  2236     0   419   936  1630  1215  1215  2945  1173  2406   798   680  2835  2958  2652  1908  1106  1746
  1465  1509  1806  1175  1512   572   975  1015  1393  1126   863   822  1921   669  2471   419     0  1125  1696  1631  1631  2536  1584  2060  1194   752  2468  2550  2243  2123  1502  1692
   348   958  1517  1010   545   641   383   739   996  1647   767   407   805   758  1348   936  1125     0   756  1202  1202  3146  1101  2328   759   410  2807  3159  3177   999   912  1043
   688  1608  2188  1751  1044  1345  1137  1489   714  1742  1522  1150   810  1092  1097  1630  1696   756     0  1861  1861  3087  1753  2118  1481   965  2589  3099  3382   773  1554   478
  1177   254   328   468   835  1135   899   640  2192  2611   775  1023  1327  1747  1772  1215  1631  1202  1861     0     1  4111   109  3434   494  1390  3899  4124  3865  1597   308  2232
  1177   254   328   468   835  1135   899   640  2192  2611   775  1023  1327  1747  1772  1215  1631  1202  1861     1     0  4111   109  3434   494  1390  3899  4124  3865  1597   308  2232
  3434  3936  4327  3685  3689  2976  3273  3472  2374  1514  3343  3121  3807  2414  4183  2945  2536  3146  3087  4111  4111     0  4043  1042  3628  2794   734    14  1090  3849  3912  2662
  1069   147   436   451   728  1070   809   577  2093  2539   723   940  1224  1666  1680  1173  1584  1101  1753   109   109  4043     0  3349   416  1303  3817  4057  3825  1495   200  2127
  2566  3223  3699  3066  2867  2340  2542  2813  1425   943  2715  2411  2886  1689  3206  2406  2060  2328  2118  3434  3434  1042  3349     0  2940  2047   482  1052  1794  2890  3188  1665
   837   317   777   289   586   658   414   184  1723  2123   343   529  1137  1253  1669   798  1194   759  1481   494   494  3628   416  2940     0   897  3405  3642  3436  1408   309  1801
   756  1176  1669  1065   914   423   496   792   884  1282   734   371  1211   381  1743   680   752   410   965  1390  1390  2794  1303  2047   897     0  2517  2808  2772  1388  1143  1074
  3047  3693  4156  3519  3347  2791  3012  3272  1903  1343  3168  2877  3365  2152  3670  2835  2468  2807  2589  3899  3899   734  3817   482  3405  2517     0   740  1714  3361  3659  2128
  3447  3950  4340  3698  3702  2990  3287  3485  2386  1527  3357  3135  3820  2428  4195  2958  2550  3159  3099  4124  4124    14  4057  1052  3642  2808   740     0  1093  3862  3926  2674
  3514  3751  4006  3401  3675  2793  3170  3257  2705  1642  3104  3009  3950  2427  4427  2652  2243  3177  3382  3865  3865  1090  3825  1794  3436  2772  1714  1093     0  4069  3743  3060
   670  1372  1906  1694   824  1619  1254  1509  1478  2452  1614  1359   275  1665   361  1908  2123   999   773  1597  1597  3849  1495  2890  1408  1388  3361  3862  4069     0  1317  1241
   869    57   635   472   531   958   648   492  1907  2402   649   793  1044  1515  1525  1106  1502   912  1554   308   308  3912   200  3188   309  1143  3659  3926  3743  1317     0  1931
  1101  1981  2552  2044  1457  1495  1409  1766   369  1430  1760  1369  1287  1026  1543  1746  1692  1043   478  2232  2232  2662  2127  1665  1801  1074  2128  2674  3060  1241  1931     0
