* problem QPncg
SET Vars   /x1*x40/;
SET QuadCons   /qc1*qc99/;
SET LinCons   /lin1*lin160/;
ALIAS(Vars,j,jj);
 
SET Pairs(Vars,Vars)  / 
x1.x2 ,  x1.x3 ,  x1.x4 ,  x1.x5 ,  x1.x6 ,  x1.x7 ,  x1.x8 ,  x1.x9 ,  x1.x10 ,  x1.x11 ,  x1.x12 ,  x1.x13 ,  x1.x14 ,  x1.x15 ,  x1.x16 ,  x1.x17 ,  x1.x18 ,  x1.x19 ,  x1.x20 ,  x1.x21 ,  x1.x22 ,  x1.x23 ,  x1.x24 ,  x1.x25 ,  x1.x26 ,  x1.x27 ,  x1.x28 ,  x1.x29 ,  x1.x30 ,  x1.x31 ,  x1.x32 ,  x1.x33 ,  x1.x34 ,  x1.x35 ,  x1.x36 ,  x1.x37 ,  x1.x38 ,  x1.x39 ,  x1.x40 ,  x2.x3 ,  x2.x4 ,  x2.x5 ,  x2.x6 ,  x2.x7 ,  x2.x8 ,  x2.x9 ,  x2.x10 ,  x2.x11 ,  x2.x12 ,  x2.x13 ,  x2.x14 ,  x2.x15 ,  x2.x16 ,  x2.x17 ,  x2.x18 ,  x2.x19 ,  x2.x20 ,  x2.x21 ,  x2.x22 ,  x2.x23 ,  x2.x24 ,  x2.x25 ,  x2.x26 ,  x2.x27 ,  x2.x28 ,  x2.x29 ,  x2.x30 ,  x2.x31 ,  x2.x32 ,  x2.x33 ,  x2.x34 ,  x2.x35 ,  x2.x36 ,  x2.x37 ,  x2.x38 ,  x2.x39 ,  x2.x40 ,  x3.x4 ,  x3.x5 ,  x3.x6 ,  x3.x7 ,  x3.x8 ,  x3.x9 ,  x3.x10 ,  x3.x11 ,  x3.x12 ,  x3.x13 ,  x3.x14 ,  x3.x15 ,  x3.x16 ,  x3.x17 ,  x3.x18 ,  x3.x19 ,  x3.x20 ,  x3.x21 ,  x3.x22 ,  x3.x23 ,  x3.x24 ,  x3.x25 ,  x3.x26 ,  x3.x27 ,  x3.x28 ,  x3.x29 ,  x3.x30 ,  x3.x31 ,  x3.x32 ,  x3.x33 ,  x3.x34 ,  x3.x35 ,  x3.x36 ,  x3.x37 ,  x3.x38 ,  x3.x39 ,  x3.x40 ,  x4.x5 ,  x4.x6 ,  x4.x7 ,  x4.x8 ,  x4.x9 ,  x4.x10 ,  x4.x11 ,  x4.x12 ,  x4.x13 ,  x4.x14 ,  x4.x15 ,  x4.x16 ,  x4.x17 ,  x4.x18 ,  x4.x19 ,  x4.x20 ,  x4.x21 ,  x4.x22 ,  x4.x23 ,  x4.x24 ,  x4.x25 ,  x4.x26 ,  x4.x27 ,  x4.x28 ,  x4.x29 ,  x4.x30 ,  x4.x31 ,  x4.x32 ,  x4.x33 ,  x4.x34 ,  x4.x35 ,  x4.x36 ,  x4.x37 ,  x4.x38 ,  x4.x39 ,  x4.x40 ,  x5.x6 ,  x5.x7 ,  x5.x8 ,  x5.x9 ,  x5.x10 ,  x5.x11 ,  x5.x12 ,  x5.x13 ,  x5.x14 ,  x5.x15 ,  x5.x16 ,  x5.x17 ,  x5.x18 ,  x5.x19 ,  x5.x20 ,  x5.x21 ,  x5.x22 ,  x5.x23 ,  x5.x24 ,  x5.x25 ,  x5.x26 ,  x5.x27 ,  x5.x28 ,  x5.x29 ,  x5.x30 ,  x5.x31 ,  x5.x32 ,  x5.x33 ,  x5.x34 ,  x5.x35 ,  x5.x36 ,  x5.x37 ,  x5.x38 ,  x5.x39 ,  x5.x40 ,  x6.x7 ,  x6.x8 ,  x6.x9 ,  x6.x10 ,  x6.x11 ,  x6.x12 ,  x6.x13 ,  x6.x14 ,  x6.x15 ,  x6.x16 ,  x6.x17 ,  x6.x18 ,  x6.x19 ,  x6.x20 ,  x6.x21 ,  x6.x22 ,  x6.x23 ,  x6.x24 ,  x6.x25 ,  x6.x26 ,  x6.x27 ,  x6.x28 ,  x6.x29 ,  x6.x30 ,  x6.x31 ,  x6.x32 ,  x6.x33 ,  x6.x34 ,  x6.x35 ,  x6.x36 ,  x6.x37 ,  x6.x38 ,  x6.x39 ,  x6.x40 ,  x7.x8 ,  x7.x9 ,  x7.x10 ,  x7.x11 ,  x7.x12 ,  x7.x13 ,  x7.x14 ,  x7.x15 ,  x7.x16 ,  x7.x17 ,  x7.x18 ,  x7.x19 ,  x7.x20 ,  x7.x21 ,  x7.x22 ,  x7.x23 ,  x7.x24 ,  x7.x25 ,  x7.x26 ,  x7.x27 ,  x7.x28 ,  x7.x29 ,  x7.x30 ,  x7.x31 ,  x7.x32 ,  x7.x33 ,  x7.x34 ,  x7.x35 ,  x7.x36 ,  x7.x37 ,  x7.x38 ,  x7.x39 ,  x7.x40 ,  x8.x9 ,  x8.x10 ,  x8.x11 ,  x8.x12 ,  x8.x13 ,  x8.x14 ,  x8.x15 ,  x8.x16 ,  x8.x17 ,  x8.x18 ,  x8.x19 ,  x8.x20 ,  x8.x21 ,  x8.x22 ,  x8.x23 ,  x8.x24 ,  x8.x25 ,  x8.x26 ,  x8.x27 ,  x8.x28 ,  x8.x29 ,  x8.x30 ,  x8.x31 ,  x8.x32 ,  x8.x33 ,  x8.x34 ,  x8.x35 ,  x8.x36 ,  x8.x37 ,  x8.x38 ,  x8.x39 ,  x8.x40 ,  x9.x10 ,  x9.x11 ,  x9.x12 ,  x9.x13 ,  x9.x14 ,  x9.x15 ,  x9.x16 ,  x9.x17 ,  x9.x18 ,  x9.x19 ,  x9.x20 ,  x9.x21 ,  x9.x22 ,  x9.x23 ,  x9.x24 ,  x9.x25 ,  x9.x26 ,  x9.x27 ,  x9.x28 ,  x9.x29 ,  x9.x30 ,  x9.x31 ,  x9.x32 ,  x9.x33 ,  x9.x34 ,  x9.x35 ,  x9.x36 ,  x9.x37 ,  x9.x38 ,  x9.x39 ,  x9.x40 ,  x10.x11 ,  x10.x12 ,  x10.x13 ,  x10.x14 ,  x10.x15 ,  x10.x16 ,  x10.x17 ,  x10.x18 ,  x10.x19 ,  x10.x20 ,  x10.x21 ,  x10.x22 ,  x10.x23 ,  x10.x24 ,  x10.x25 ,  x10.x26 ,  x10.x27 ,  x10.x28 ,  x10.x29 ,  x10.x30 ,  x10.x31 ,  x10.x32 ,  x10.x33 ,  x10.x34 ,  x10.x35 ,  x10.x36 ,  x10.x37 ,  x10.x38 ,  x10.x39 ,  x10.x40 ,  x11.x12 ,  x11.x13 ,  x11.x14 ,  x11.x15 ,  x11.x16 ,  x11.x17 ,  x11.x18 ,  x11.x19 ,  x11.x20 ,  x11.x21 ,  x11.x22 ,  x11.x23 ,  x11.x24 ,  x11.x25 ,  x11.x26 ,  x11.x27 ,  x11.x28 ,  x11.x29 ,  x11.x30 ,  x11.x31 ,  x11.x32 ,  x11.x33 ,  x11.x34 ,  x11.x35 ,  x11.x36 ,  x11.x37 ,  x11.x38 ,  x11.x39 ,  x11.x40 ,  x12.x13 ,  x12.x14 ,  x12.x15 ,  x12.x16 ,  x12.x17 ,  x12.x18 ,  x12.x19 ,  x12.x20 ,  x12.x21 ,  x12.x22 ,  x12.x23 ,  x12.x24 ,  x12.x25 ,  x12.x26 ,  x12.x27 ,  x12.x28 ,  x12.x29 ,  x12.x30 ,  x12.x31 ,  x12.x32 ,  x12.x33 ,  x12.x34 ,  x12.x35 ,  x12.x36 ,  x12.x37 ,  x12.x38 ,  x12.x39 ,  x12.x40 ,  x13.x14 ,  x13.x15 ,  x13.x16 ,  x13.x17 ,  x13.x18 ,  x13.x19 ,  x13.x20 ,  x13.x21 ,  x13.x22 ,  x13.x23 ,  x13.x24 ,  x13.x25 ,  x13.x26 ,  x13.x27 ,  x13.x28 ,  x13.x29 ,  x13.x30 ,  x13.x31 ,  x13.x32 ,  x13.x33 ,  x13.x34 ,  x13.x35 ,  x13.x36 ,  x13.x37 ,  x13.x38 ,  x13.x39 ,  x13.x40 ,  x14.x15 ,  x14.x16 ,  x14.x17 ,  x14.x18 ,  x14.x19 ,  x14.x20 ,  x14.x21 ,  x14.x22 ,  x14.x23 ,  x14.x24 ,  x14.x25 ,  x14.x26 ,  x14.x27 ,  x14.x28 ,  x14.x29 ,  x14.x30 ,  x14.x31 ,  x14.x32 ,  x14.x33 ,  x14.x34 ,  x14.x35 ,  x14.x36 ,  x14.x37 ,  x14.x38 ,  x14.x39 ,  x14.x40 ,  x15.x16 ,  x15.x17 ,  x15.x18 ,  x15.x19 ,  x15.x20 ,  x15.x21 ,  x15.x22 ,  x15.x23 ,  x15.x24 ,  x15.x25 ,  x15.x26 ,  x15.x27 ,  x15.x28 ,  x15.x29 ,  x15.x30 ,  x15.x31 ,  x15.x32 ,  x15.x33 ,  x15.x34 ,  x15.x35 ,  x15.x36 ,  x15.x37 ,  x15.x38 ,  x15.x39 ,  x15.x40 ,  x16.x17 ,  x16.x18 ,  x16.x19 ,  x16.x20 ,  x16.x21 ,  x16.x22 ,  x16.x23 ,  x16.x24 ,  x16.x25 ,  x16.x26 ,  x16.x27 ,  x16.x28 ,  x16.x29 ,  x16.x30 ,  x16.x31 ,  x16.x32 ,  x16.x33 ,  x16.x34 ,  x16.x35 ,  x16.x36 ,  x16.x37 ,  x16.x38 ,  x16.x39 ,  x16.x40 ,  x17.x18 ,  x17.x19 ,  x17.x20 ,  x17.x21 ,  x17.x22 ,  x17.x23 ,  x17.x24 ,  x17.x25 ,  x17.x26 ,  x17.x27 ,  x17.x28 ,  x17.x29 ,  x17.x30 ,  x17.x31 ,  x17.x32 ,  x17.x33 ,  x17.x34 ,  x17.x35 ,  x17.x36 ,  x17.x37 ,  x17.x38 ,  x17.x39 ,  x17.x40 ,  x18.x19 ,  x18.x20 ,  x18.x21 ,  x18.x22 ,  x18.x23 ,  x18.x24 ,  x18.x25 ,  x18.x26 ,  x18.x27 ,  x18.x28 ,  x18.x29 ,  x18.x30 ,  x18.x31 ,  x18.x32 ,  x18.x33 ,  x18.x34 ,  x18.x35 ,  x18.x36 ,  x18.x37 ,  x18.x38 ,  x18.x39 ,  x18.x40 ,  x19.x20 ,  x19.x21 ,  x19.x22 ,  x19.x23 ,  x19.x24 ,  x19.x25 ,  x19.x26 ,  x19.x27 ,  x19.x28 ,  x19.x29 ,  x19.x30 ,  x19.x31 ,  x19.x32 ,  x19.x33 ,  x19.x34 ,  x19.x35 ,  x19.x36 ,  x19.x37 ,  x19.x38 ,  x19.x39 ,  x19.x40 ,  x20.x21 ,  x20.x22 ,  x20.x23 ,  x20.x24 ,  x20.x25 ,  x20.x26 ,  x20.x27 ,  x20.x28 ,  x20.x29 ,  x20.x30 ,  x20.x31 ,  x20.x32 ,  x20.x33 ,  x20.x34 ,  x20.x35 ,  x20.x36 ,  x20.x37 ,  x20.x38 ,  x20.x39 ,  x20.x40 ,  x21.x22 ,  x21.x23 ,  x21.x24 ,  x21.x25 ,  x21.x26 ,  x21.x27 ,  x21.x28 ,  x21.x29 ,  x21.x30 ,  x21.x31 ,  x21.x32 ,  x21.x33 ,  x21.x34 ,  x21.x35 ,  x21.x36 ,  x21.x37 ,  x21.x38 ,  x21.x39 ,  x21.x40 ,  x22.x23 ,  x22.x24 ,  x22.x25 ,  x22.x26 ,  x22.x27 ,  x22.x28 ,  x22.x29 ,  x22.x30 ,  x22.x31 ,  x22.x32 ,  x22.x33 ,  x22.x34 ,  x22.x35 ,  x22.x36 ,  x22.x37 ,  x22.x38 ,  x22.x39 ,  x22.x40 ,  x23.x24 ,  x23.x25 ,  x23.x26 ,  x23.x27 ,  x23.x28 ,  x23.x29 ,  x23.x30 ,  x23.x31 ,  x23.x32 ,  x23.x33 ,  x23.x34 ,  x23.x35 ,  x23.x36 ,  x23.x37 ,  x23.x38 ,  x23.x39 ,  x23.x40 ,  x24.x25 ,  x24.x26 ,  x24.x27 ,  x24.x28 ,  x24.x29 ,  x24.x30 ,  x24.x31 ,  x24.x32 ,  x24.x33 ,  x24.x34 ,  x24.x35 ,  x24.x36 ,  x24.x37 ,  x24.x38 ,  x24.x39 ,  x24.x40 ,  x25.x26 ,  x25.x27 ,  x25.x28 ,  x25.x29 ,  x25.x30 ,  x25.x31 ,  x25.x32 ,  x25.x33 ,  x25.x34 ,  x25.x35 ,  x25.x36 ,  x25.x37 ,  x25.x38 ,  x25.x39 ,  x25.x40 ,  x26.x27 ,  x26.x28 ,  x26.x29 ,  x26.x30 ,  x26.x31 ,  x26.x32 ,  x26.x33 ,  x26.x34 ,  x26.x35 ,  x26.x36 ,  x26.x37 ,  x26.x38 ,  x26.x39 ,  x26.x40 ,  x27.x28 ,  x27.x29 ,  x27.x30 ,  x27.x31 ,  x27.x32 ,  x27.x33 ,  x27.x34 ,  x27.x35 ,  x27.x36 ,  x27.x37 ,  x27.x38 ,  x27.x39 ,  x27.x40 ,  x28.x29 ,  x28.x30 ,  x28.x31 ,  x28.x32 ,  x28.x33 ,  x28.x34 ,  x28.x35 ,  x28.x36 ,  x28.x37 ,  x28.x38 ,  x28.x39 ,  x28.x40 ,  x29.x30 ,  x29.x31 ,  x29.x32 ,  x29.x33 ,  x29.x34 ,  x29.x35 ,  x29.x36 ,  x29.x37 ,  x29.x38 ,  x29.x39 ,  x29.x40 ,  x30.x31 ,  x30.x32 ,  x30.x33 ,  x30.x34 ,  x30.x35 ,  x30.x36 ,  x30.x37 ,  x30.x38 ,  x30.x39 ,  x30.x40 ,  x31.x32 ,  x31.x33 ,  x31.x34 ,  x31.x35 ,  x31.x36 ,  x31.x37 ,  x31.x38 ,  x31.x39 ,  x31.x40 ,  x32.x33 ,  x32.x34 ,  x32.x35 ,  x32.x36 ,  x32.x37 ,  x32.x38 ,  x32.x39 ,  x32.x40 ,  x33.x34 ,  x33.x35 ,  x33.x36 ,  x33.x37 ,  x33.x38 ,  x33.x39 ,  x33.x40 ,  x34.x35 ,  x34.x36 ,  x34.x37 ,  x34.x38 ,  x34.x39 ,  x34.x40 ,  x35.x36 ,  x35.x37 ,  x35.x38 ,  x35.x39 ,  x35.x40 ,  x36.x37 ,  x36.x38 ,  x36.x39 ,  x36.x40 ,  x37.x38 ,  x37.x39 ,  x37.x40 ,  x38.x39 ,  x38.x40 ,  x39.x40    / ; 

PARAMETER c0(Vars)
  /  
x1   7.26712097e-01 
x2  -8.45827047e-01 
x3  -7.51928510e-01 
x4  -1.31159918e-01 
x5  -2.32099922e-02 
x6  -7.16722378e-01 
x7   5.16184882e-02 
x8   7.14835444e-01 
x9  -5.05649754e-01 
x10   7.90441307e-02 
x11   8.23125063e-01 
x12  -2.83810716e-01 
x13   2.40952344e-01 
x14   2.41661391e-01 
x15   6.43224057e-02 
x16   6.36482470e-01 
x17   1.83870584e-01 
x18   5.04163065e-01 
x19   7.68814044e-02 
x20  -7.94174074e-01 
x21   3.94814628e-01 
x22  -2.38601318e-01 
x23  -8.49934764e-01 
x24  -5.53661855e-01 
x25  -4.23699012e-01 
x26  -2.61373584e-01 
x27   4.67421927e-01 
x28   4.64394964e-01 
x29  -5.16502454e-01 
x30  -9.10600018e-01 
x31   4.31150448e-01 
x32  -8.49696898e-01 
x33   4.64871582e-01 
x34   9.73769792e-01 
x35   4.06187446e-01 
x36   5.73976446e-01 
x37  -9.18304906e-01 
x38  -7.93161038e-01 
x39  -8.12981417e-01 
x40  -2.87362323e-01 
 / 
 
PARAMETER g(QuadCons)
  /  
qc1   2.81050120e+00 
qc2   1.04204874e+00 
qc3   1.35784075e+00 
qc4   2.41315061e+00 
qc5   4.88212751e+00 
qc6   1.07675009e+00 
qc7   3.54599469e+00 
qc8   1.28268565e+00 
qc9   3.32528356e+00 
qc10   3.46237386e+00 
qc11   3.02671606e+00 
qc12   4.21658344e+00 
qc13   4.84897055e+00 
qc14   1.07085728e+00 
qc15   2.21029745e+00 
qc16   1.45184781e+00 
qc17   3.52732673e+00 
qc18   3.66112857e+00 
qc19   4.75314643e+00 
qc20   3.92717609e+00 
qc21   2.48750565e+00 
qc22   3.32186406e+00 
qc23   1.73640730e+00 
qc24   4.75561337e+00 
qc25   4.71972567e+00 
qc26   1.02177250e+00 
qc27   1.45883865e+00 
qc28   2.99744571e+00 
qc29   1.41311118e+00 
qc30   4.86254094e+00 
qc31   1.81046706e+00 
qc32   4.44226156e+00 
qc33   1.25715081e+00 
qc34   1.51862203e+00 
qc35   1.05952823e+00 
qc36   2.70534376e+00 
qc37   4.71517886e+00 
qc38   1.44070925e+00 
qc39   1.74956717e+00 
qc40   3.96997385e+00 
qc41   3.80241302e+00 
qc42   4.71790800e+00 
qc43   4.71858395e+00 
qc44   4.88752502e+00 
qc45   3.19942612e+00 
qc46   2.46238847e+00 
qc47   2.92115128e+00 
qc48   4.98493348e+00 
qc49   2.20952785e+00 
qc50   2.41943734e+00 
qc51   3.42278458e+00 
qc52   3.43618924e+00 
qc53   4.04442137e+00 
qc54   3.09984644e+00 
qc55   1.91609014e+00 
qc56   3.91446060e+00 
qc57   4.20113288e+00 
qc58   2.28141523e+00 
qc59   4.72047978e+00 
qc60   2.09356651e+00 
qc61   4.15601435e+00 
qc62   2.71793808e+00 
qc63   4.34718371e+00 
qc64   3.27856454e+00 
qc65   3.86870496e+00 
qc66   4.54424022e+00 
qc67   3.62335952e+00 
qc68   1.37503130e+00 
qc69   3.31938540e+00 
qc70   3.24987379e+00 
qc71   2.81718956e+00 
qc72   2.94154752e+00 
qc73   4.26806951e+00 
qc74   1.51545182e+00 
qc75   1.42300301e+00 
qc76   3.08149141e+00 
qc77   2.85982163e+00 
qc78   3.84009390e+00 
qc79   3.01907367e+00 
qc80   2.91373259e+00 
qc81   3.83357544e+00 
qc82   4.34511418e+00 
qc83   3.93817196e+00 
qc84   4.10310202e+00 
qc85   3.34402588e+00 
qc86   1.81343380e+00 
qc87   2.21766008e+00 
qc88   4.80997301e+00 
qc89   4.08005030e+00 
qc90   3.70940879e+00 
qc91   2.77393569e+00 
qc92   4.39206782e+00 
qc93   2.82677198e+00 
qc94   3.20490236e+00 
qc95   1.09508730e+00 
qc96   3.12238627e+00 
qc97   4.64244701e+00 
qc98   1.02221889e+00 
qc99   2.44841689e+00 
 / 
 
PARAMETER b(LinCons)
  /  
lin1   3.76135668e+00 
lin2   1.25042489e+00 
lin3   4.94957915e+00 
lin4   3.50225560e+00 
lin5   1.58061001e+00 
lin6   4.28475764e+00 
lin7   2.57451453e+00 
lin8   4.42672777e+00 
lin9   4.37959243e+00 
lin10   3.40996371e+00 
lin11   2.93127195e+00 
lin12   4.86781484e+00 
lin13   2.22279187e+00 
lin14   1.94601997e+00 
lin15   1.30741863e+00 
lin16   4.41359057e+00 
lin17   3.46242797e+00 
lin18   4.21398253e+00 
lin19   2.85502513e+00 
lin20   1.10101373e+00 
lin21   4.09149472e+00 
lin22   1.16521578e+00 
lin23   3.11395904e+00 
lin24   1.73786910e+00 
lin25   3.69693395e+00 
lin26   4.53696536e+00 
lin27   4.35996473e+00 
lin28   3.54659186e+00 
lin29   3.09576874e+00 
lin30   3.92949169e+00 
lin31   2.20960854e+00 
lin32   1.43505193e+00 
lin33   3.13131511e+00 
lin34   1.30249449e+00 
lin35   3.72384828e+00 
lin36   1.38648004e+00 
lin37   4.62118736e+00 
lin38   3.75733446e+00 
lin39   4.97441531e+00 
lin40   2.85055511e+00 
lin41   3.30576552e+00 
lin42   1.33082172e+00 
lin43   1.50946393e+00 
lin44   4.20068550e+00 
lin45   4.20457135e+00 
lin46   4.97741696e+00 
lin47   4.39291359e+00 
lin48   4.25678428e+00 
lin49   3.79806892e+00 
lin50   1.15938105e+00 
lin51   3.36797045e+00 
lin52   4.08004888e+00 
lin53   3.38549335e+00 
lin54   4.56840431e+00 
lin55   2.12276865e+00 
lin56   4.21466213e+00 
lin57   3.59075452e+00 
lin58   1.20560473e+00 
lin59   3.80943663e+00 
lin60   1.89961400e+00 
lin61   4.38538736e+00 
lin62   1.26383388e+00 
lin63   1.40096488e+00 
lin64   4.32900683e+00 
lin65   1.72777886e+00 
lin66   1.20014544e+00 
lin67   1.78807311e+00 
lin68   2.92296267e+00 
lin69   2.57157241e+00 
lin70   3.78240449e+00 
lin71   1.56212867e+00 
lin72   1.04251110e+00 
lin73   1.54575337e+00 
lin74   4.13626601e+00 
lin75   3.45484196e+00 
lin76   2.76478017e+00 
lin77   2.96692604e+00 
lin78   2.99260192e+00 
lin79   3.68449523e+00 
lin80   4.18945363e+00 
lin81   4.34026398e+00 
lin82   1.48011445e+00 
lin83   2.72238695e+00 
lin84   4.12185701e+00 
lin85   1.46997118e+00 
lin86   4.45045945e+00 
lin87   2.00914023e+00 
lin88   4.06650781e+00 
lin89   4.22025221e+00 
lin90   3.88924569e+00 
lin91   4.95671159e+00 
lin92   1.15577577e+00 
lin93   1.05249020e+00 
lin94   4.32908157e+00 
lin95   3.15794011e+00 
lin96   3.35753659e+00 
lin97   3.01517159e+00 
lin98   1.01121535e+00 
lin99   3.69870231e+00 
lin100   2.14155417e+00 
lin101   3.40798329e+00 
lin102   3.08386064e+00 
lin103   4.10067576e+00 
lin104   3.73047539e+00 
lin105   2.41329030e+00 
lin106   2.03531741e+00 
lin107   3.42235579e+00 
lin108   3.49733615e+00 
lin109   3.69975630e+00 
lin110   3.55607977e+00 
lin111   3.91711203e+00 
lin112   3.90140232e+00 
lin113   3.27883634e+00 
lin114   4.19697038e+00 
lin115   4.68658885e+00 
lin116   2.05236346e+00 
lin117   3.04276757e+00 
lin118   1.68921355e+00 
lin119   3.33182106e+00 
lin120   3.26767845e+00 
lin121   2.17583626e+00 
lin122   1.08220321e+00 
lin123   4.13322745e+00 
lin124   3.78927595e+00 
lin125   3.43928493e+00 
lin126   3.33823298e+00 
lin127   2.62205795e+00 
lin128   2.41654682e+00 
lin129   1.02697241e+00 
lin130   3.57476817e+00 
lin131   2.17003819e+00 
lin132   2.15860621e+00 
lin133   3.31922288e+00 
lin134   3.54105258e+00 
lin135   3.28870928e+00 
lin136   1.55258421e+00 
lin137   2.38398342e+00 
lin138   2.22207999e+00 
lin139   4.45162505e+00 
lin140   3.96544960e+00 
lin141   3.92140704e+00 
lin142   4.23835634e+00 
lin143   1.48749947e+00 
lin144   3.18951386e+00 
lin145   2.86702169e+00 
lin146   2.72145197e+00 
lin147   1.76824658e+00 
lin148   2.66488675e+00 
lin149   2.39429636e+00 
lin150   3.20358493e+00 
lin151   1.91117149e+00 
lin152   2.71093977e+00 
lin153   2.00114065e+00 
lin154   2.46305923e+00 
lin155   2.28280823e+00 
lin156   2.31080013e+00 
lin157   1.72456274e+00 
lin158   3.26490957e+00 
lin159   1.55574926e+00 
lin160   2.18688790e+00 
 / 
 
TABLE Q0(j,jj)
                x1                 x2                 x3                 x4                 x5                 x6                 x7                 x8                 x9                 x10                 x11                 x12                 x13                 x14                 x15                 x16                 x17                 x18                 x19                 x20                 x21                 x22                 x23                 x24                 x25                 x26                 x27                 x28                 x29                 x30                 x31                 x32                 x33                 x34                 x35                 x36                 x37                 x38                 x39                 x40                
x1   0.00000000e+00      0.00000000e+00      0.00000000e+00      0.00000000e+00      0.00000000e+00      0.00000000e+00      0.00000000e+00      0.00000000e+00      0.00000000e+00      0.00000000e+00      0.00000000e+00      0.00000000e+00      0.00000000e+00      8.83568041e-01      0.00000000e+00      0.00000000e+00      0.00000000e+00      0.00000000e+00      0.00000000e+00      8.65821038e-01      0.00000000e+00      0.00000000e+00      0.00000000e+00      0.00000000e+00      7.35081390e-01      0.00000000e+00      0.00000000e+00      0.00000000e+00      0.00000000e+00      0.00000000e+00      0.00000000e+00     -6.24527169e-01     -9.45736677e-01     -6.43693473e-01      0.00000000e+00      0.00000000e+00      0.00000000e+00      0.00000000e+00      0.00000000e+00     -2.80512288e-01    
x2   0.00000000e+00      0.00000000e+00      0.00000000e+00      0.00000000e+00      0.00000000e+00      0.00000000e+00      0.00000000e+00      0.00000000e+00      0.00000000e+00      2.82985346e-01     -8.70653567e-01      6.24257132e-01      8.34270426e-01      0.00000000e+00      0.00000000e+00     -8.44369195e-01      0.00000000e+00      3.36447763e-01      0.00000000e+00      0.00000000e+00      0.00000000e+00      0.00000000e+00      0.00000000e+00      0.00000000e+00      8.40525794e-01      0.00000000e+00      0.00000000e+00      0.00000000e+00      8.12867858e-01      0.00000000e+00      8.40387130e-02      7.87511955e-02      0.00000000e+00      0.00000000e+00      0.00000000e+00     -5.15187537e-01     -9.54081312e-01      0.00000000e+00      9.02673569e-01      0.00000000e+00    
x3   0.00000000e+00      0.00000000e+00      0.00000000e+00     -2.19453790e-01      0.00000000e+00      0.00000000e+00      0.00000000e+00      0.00000000e+00      0.00000000e+00      0.00000000e+00      0.00000000e+00      0.00000000e+00      0.00000000e+00      0.00000000e+00     -1.92187502e-01      0.00000000e+00      0.00000000e+00      0.00000000e+00     -3.65515009e-01      0.00000000e+00      1.98249309e-01      0.00000000e+00      0.00000000e+00      0.00000000e+00     -7.33648260e-01     -9.08435017e-01     -5.54388978e-01      0.00000000e+00      7.83983281e-02     -5.94623211e-01      0.00000000e+00      3.70577054e-01     -3.17413597e-01      0.00000000e+00      0.00000000e+00     -1.00869880e-01     -6.39141713e-01      0.00000000e+00      0.00000000e+00      0.00000000e+00    
x4   0.00000000e+00      0.00000000e+00     -2.19453790e-01      5.85176933e-01      0.00000000e+00      0.00000000e+00      0.00000000e+00      7.82054675e-02      9.52291269e-01      0.00000000e+00      0.00000000e+00      0.00000000e+00      0.00000000e+00     -2.91961026e-01      6.29901779e-01      1.68953741e-01      0.00000000e+00     -5.85712574e-01      0.00000000e+00      0.00000000e+00     -3.44690409e-02      5.76473876e-01      0.00000000e+00      0.00000000e+00      7.76768665e-01     -6.59978085e-01      0.00000000e+00      0.00000000e+00      0.00000000e+00      0.00000000e+00      6.53097748e-01      0.00000000e+00      0.00000000e+00      0.00000000e+00      8.29975231e-01     -4.57624027e-01     -7.02111302e-01      0.00000000e+00     -1.58419658e-02      0.00000000e+00    
x5   0.00000000e+00      0.00000000e+00      0.00000000e+00      0.00000000e+00      0.00000000e+00     -3.47868125e-01      0.00000000e+00      0.00000000e+00      0.00000000e+00      6.91269232e-01      0.00000000e+00      0.00000000e+00      0.00000000e+00      0.00000000e+00      0.00000000e+00      0.00000000e+00      4.14295069e-01      0.00000000e+00      0.00000000e+00     -5.88471474e-01      0.00000000e+00      0.00000000e+00      0.00000000e+00     -4.61600546e-01      0.00000000e+00      0.00000000e+00      0.00000000e+00      0.00000000e+00     -5.48511643e-02      0.00000000e+00      0.00000000e+00      0.00000000e+00     -4.72622026e-01      0.00000000e+00      0.00000000e+00     -6.68324456e-01      0.00000000e+00      0.00000000e+00      9.68245716e-01     -4.94416715e-01    
x6   0.00000000e+00      0.00000000e+00      0.00000000e+00      0.00000000e+00     -3.47868125e-01     -7.98043617e-01     -8.65155146e-01      0.00000000e+00      0.00000000e+00      6.41111265e-01      0.00000000e+00      4.49239371e-01     -1.21265886e-01      0.00000000e+00      0.00000000e+00      0.00000000e+00      0.00000000e+00      0.00000000e+00      0.00000000e+00      0.00000000e+00     -3.21520846e-01     -1.21649995e-01      0.00000000e+00      0.00000000e+00      0.00000000e+00      0.00000000e+00      0.00000000e+00      0.00000000e+00      4.10973830e-01      6.87381240e-01      6.03301293e-01      0.00000000e+00      0.00000000e+00     -6.32437943e-02      0.00000000e+00     -9.23782387e-01      3.73889406e-01     -3.08453104e-01      0.00000000e+00      0.00000000e+00    
x7   0.00000000e+00      0.00000000e+00      0.00000000e+00      0.00000000e+00      0.00000000e+00     -8.65155146e-01      0.00000000e+00     -3.36091059e-01      0.00000000e+00      0.00000000e+00      0.00000000e+00      0.00000000e+00      0.00000000e+00      0.00000000e+00      0.00000000e+00      0.00000000e+00      0.00000000e+00      0.00000000e+00      0.00000000e+00      7.26750026e-02      6.19085515e-01      0.00000000e+00      0.00000000e+00      0.00000000e+00      5.04994316e-01      0.00000000e+00      5.46226088e-01     -9.85836516e-01      0.00000000e+00      0.00000000e+00      0.00000000e+00      0.00000000e+00      0.00000000e+00      0.00000000e+00      0.00000000e+00      0.00000000e+00      0.00000000e+00      0.00000000e+00     -4.36471638e-01      0.00000000e+00    
x8   0.00000000e+00      0.00000000e+00      0.00000000e+00      7.82054675e-02      0.00000000e+00      0.00000000e+00     -3.36091059e-01      0.00000000e+00     -3.65355411e-01      0.00000000e+00      0.00000000e+00      0.00000000e+00      8.74792929e-01      5.70405552e-01      0.00000000e+00      0.00000000e+00      0.00000000e+00      0.00000000e+00      0.00000000e+00      0.00000000e+00      0.00000000e+00     -9.37006569e-01      5.08067705e-01      0.00000000e+00      0.00000000e+00      0.00000000e+00      0.00000000e+00      0.00000000e+00      0.00000000e+00      0.00000000e+00      7.64608414e-01      0.00000000e+00      0.00000000e+00      7.73457036e-02      2.70274283e-01      0.00000000e+00      0.00000000e+00      0.00000000e+00      0.00000000e+00      0.00000000e+00    
x9   0.00000000e+00      0.00000000e+00      0.00000000e+00      9.52291269e-01      0.00000000e+00      0.00000000e+00      0.00000000e+00     -3.65355411e-01      0.00000000e+00      0.00000000e+00      0.00000000e+00      3.74422163e-01     -8.93559947e-01      0.00000000e+00      8.48924084e-01      0.00000000e+00      0.00000000e+00      0.00000000e+00      0.00000000e+00      0.00000000e+00      0.00000000e+00      0.00000000e+00     -4.93510319e-01      5.20934650e-01      1.58812731e-01      0.00000000e+00      0.00000000e+00      0.00000000e+00      0.00000000e+00      7.84004981e-01      0.00000000e+00     -5.89874046e-01      0.00000000e+00      0.00000000e+00      0.00000000e+00      0.00000000e+00      0.00000000e+00      4.20631947e-01      0.00000000e+00     -3.24685313e-01    
x10   0.00000000e+00      2.82985346e-01      0.00000000e+00      0.00000000e+00      6.91269232e-01      6.41111265e-01      0.00000000e+00      0.00000000e+00      0.00000000e+00      0.00000000e+00      2.09504829e-02     -9.23416141e-01      0.00000000e+00      0.00000000e+00     -8.22091262e-01      0.00000000e+00      0.00000000e+00      0.00000000e+00      0.00000000e+00     -3.42017749e-01      9.74751694e-01      0.00000000e+00      9.66222339e-01      0.00000000e+00     -3.63124514e-01      0.00000000e+00      0.00000000e+00      7.05462982e-01      0.00000000e+00      3.19314943e-01      0.00000000e+00      0.00000000e+00      0.00000000e+00      0.00000000e+00      0.00000000e+00      5.93324874e-01      0.00000000e+00      0.00000000e+00      0.00000000e+00     -4.08486385e-02    
x11   0.00000000e+00     -8.70653567e-01      0.00000000e+00      0.00000000e+00      0.00000000e+00      0.00000000e+00      0.00000000e+00      0.00000000e+00      0.00000000e+00      2.09504829e-02      0.00000000e+00      0.00000000e+00      0.00000000e+00      0.00000000e+00      0.00000000e+00      0.00000000e+00      0.00000000e+00      0.00000000e+00     -1.60965503e-01     -3.73912167e-01      9.56582041e-01      0.00000000e+00      0.00000000e+00      6.63837903e-01      0.00000000e+00      3.03443241e-01      0.00000000e+00      0.00000000e+00      0.00000000e+00      3.35845264e-01      1.69439168e-01     -9.98052983e-02      0.00000000e+00      0.00000000e+00     -1.82704733e-01      0.00000000e+00      9.83699345e-01      0.00000000e+00     -7.75969491e-01      0.00000000e+00    
x12   0.00000000e+00      6.24257132e-01      0.00000000e+00      0.00000000e+00      0.00000000e+00      4.49239371e-01      0.00000000e+00      0.00000000e+00      3.74422163e-01     -9.23416141e-01      0.00000000e+00      0.00000000e+00     -4.26354490e-02      0.00000000e+00      0.00000000e+00      0.00000000e+00      0.00000000e+00      0.00000000e+00      2.34488711e-01      0.00000000e+00      8.35419406e-01      0.00000000e+00      0.00000000e+00      3.66909442e-01      8.43263385e-01      0.00000000e+00      0.00000000e+00      0.00000000e+00      0.00000000e+00      9.14312743e-01      0.00000000e+00      0.00000000e+00      0.00000000e+00      0.00000000e+00      0.00000000e+00     -9.80921930e-01      0.00000000e+00      0.00000000e+00      8.03197466e-01      0.00000000e+00    
x13   0.00000000e+00      8.34270426e-01      0.00000000e+00      0.00000000e+00      0.00000000e+00     -1.21265886e-01      0.00000000e+00      8.74792929e-01     -8.93559947e-01      0.00000000e+00      0.00000000e+00     -4.26354490e-02      0.00000000e+00     -2.73283266e-01      1.68465587e-01      0.00000000e+00      0.00000000e+00      2.46994336e-01      0.00000000e+00      0.00000000e+00      0.00000000e+00      0.00000000e+00      0.00000000e+00      0.00000000e+00      0.00000000e+00      2.58358156e-01      0.00000000e+00      0.00000000e+00      0.00000000e+00     -5.72722531e-01      0.00000000e+00      0.00000000e+00      0.00000000e+00      0.00000000e+00      1.48940391e-01      0.00000000e+00      0.00000000e+00     -3.49654651e-01      0.00000000e+00      0.00000000e+00    
x14   8.83568041e-01      0.00000000e+00      0.00000000e+00     -2.91961026e-01      0.00000000e+00      0.00000000e+00      0.00000000e+00      5.70405552e-01      0.00000000e+00      0.00000000e+00      0.00000000e+00      0.00000000e+00     -2.73283266e-01      0.00000000e+00      7.21758524e-01     -6.44042716e-01      0.00000000e+00      0.00000000e+00      0.00000000e+00      0.00000000e+00      0.00000000e+00     -7.14794591e-01      8.19220417e-01     -5.52902944e-01      0.00000000e+00     -6.86939532e-01      0.00000000e+00      0.00000000e+00      0.00000000e+00      0.00000000e+00      0.00000000e+00      0.00000000e+00      0.00000000e+00      0.00000000e+00      0.00000000e+00      0.00000000e+00      0.00000000e+00     -8.67815276e-01      0.00000000e+00      0.00000000e+00    
x15   0.00000000e+00      0.00000000e+00     -1.92187502e-01      6.29901779e-01      0.00000000e+00      0.00000000e+00      0.00000000e+00      0.00000000e+00      8.48924084e-01     -8.22091262e-01      0.00000000e+00      0.00000000e+00      1.68465587e-01      7.21758524e-01     -5.97670019e-01      0.00000000e+00      0.00000000e+00      0.00000000e+00      0.00000000e+00     -2.63548044e-01      0.00000000e+00      0.00000000e+00      0.00000000e+00      0.00000000e+00      5.51687293e-01     -6.76497992e-01      0.00000000e+00      0.00000000e+00     -8.12161757e-01      0.00000000e+00     -4.03641565e-01      0.00000000e+00      1.72206246e-02      0.00000000e+00     -5.69572849e-01      0.00000000e+00      0.00000000e+00      0.00000000e+00      0.00000000e+00     -1.66120267e-01    
x16   0.00000000e+00     -8.44369195e-01      0.00000000e+00      1.68953741e-01      0.00000000e+00      0.00000000e+00      0.00000000e+00      0.00000000e+00      0.00000000e+00      0.00000000e+00      0.00000000e+00      0.00000000e+00      0.00000000e+00     -6.44042716e-01      0.00000000e+00      0.00000000e+00      0.00000000e+00      0.00000000e+00      0.00000000e+00      0.00000000e+00     -5.03941484e-01     -6.99771587e-01      8.91627928e-01      6.29316622e-01      0.00000000e+00      0.00000000e+00     -4.87243196e-01      0.00000000e+00      7.45805533e-01      0.00000000e+00     -7.67956496e-02      0.00000000e+00     -8.47294033e-03     -6.25585974e-01      9.05602020e-01      0.00000000e+00      0.00000000e+00      8.64681988e-01      0.00000000e+00      0.00000000e+00    
x17   0.00000000e+00      0.00000000e+00      0.00000000e+00      0.00000000e+00      4.14295069e-01      0.00000000e+00      0.00000000e+00      0.00000000e+00      0.00000000e+00      0.00000000e+00      0.00000000e+00      0.00000000e+00      0.00000000e+00      0.00000000e+00      0.00000000e+00      0.00000000e+00     -6.65261249e-03      0.00000000e+00      0.00000000e+00      0.00000000e+00      0.00000000e+00      3.09734128e-01      0.00000000e+00      0.00000000e+00      0.00000000e+00      0.00000000e+00      0.00000000e+00      0.00000000e+00      0.00000000e+00      0.00000000e+00      0.00000000e+00      0.00000000e+00      0.00000000e+00      0.00000000e+00      0.00000000e+00      1.31335890e-02      9.51952521e-01      0.00000000e+00      0.00000000e+00      0.00000000e+00    
x18   0.00000000e+00      3.36447763e-01      0.00000000e+00     -5.85712574e-01      0.00000000e+00      0.00000000e+00      0.00000000e+00      0.00000000e+00      0.00000000e+00      0.00000000e+00      0.00000000e+00      0.00000000e+00      2.46994336e-01      0.00000000e+00      0.00000000e+00      0.00000000e+00      0.00000000e+00      0.00000000e+00      0.00000000e+00      0.00000000e+00      0.00000000e+00      0.00000000e+00      0.00000000e+00      0.00000000e+00      0.00000000e+00      0.00000000e+00      7.96986705e-01      0.00000000e+00      0.00000000e+00      0.00000000e+00      0.00000000e+00      2.38820103e-01      0.00000000e+00      0.00000000e+00      7.95111495e-03      0.00000000e+00      0.00000000e+00      0.00000000e+00      0.00000000e+00      1.59466484e-01    
x19   0.00000000e+00      0.00000000e+00     -3.65515009e-01      0.00000000e+00      0.00000000e+00      0.00000000e+00      0.00000000e+00      0.00000000e+00      0.00000000e+00      0.00000000e+00     -1.60965503e-01      2.34488711e-01      0.00000000e+00      0.00000000e+00      0.00000000e+00      0.00000000e+00      0.00000000e+00      0.00000000e+00      3.20767779e-01      0.00000000e+00      0.00000000e+00      0.00000000e+00      0.00000000e+00     -1.61229706e-01     -9.46420056e-01      0.00000000e+00      0.00000000e+00      0.00000000e+00      0.00000000e+00      0.00000000e+00      0.00000000e+00     -8.20434679e-01      0.00000000e+00     -9.00198394e-01      0.00000000e+00      6.56672881e-01     -2.25531150e-01      0.00000000e+00      0.00000000e+00      0.00000000e+00    
x20   8.65821038e-01      0.00000000e+00      0.00000000e+00      0.00000000e+00     -5.88471474e-01      0.00000000e+00      7.26750026e-02      0.00000000e+00      0.00000000e+00     -3.42017749e-01     -3.73912167e-01      0.00000000e+00      0.00000000e+00      0.00000000e+00     -2.63548044e-01      0.00000000e+00      0.00000000e+00      0.00000000e+00      0.00000000e+00      5.29128373e-01      9.22040550e-01      0.00000000e+00      0.00000000e+00      0.00000000e+00      0.00000000e+00      0.00000000e+00      0.00000000e+00      0.00000000e+00      0.00000000e+00      0.00000000e+00      0.00000000e+00      5.96604860e-01      0.00000000e+00      0.00000000e+00      0.00000000e+00      0.00000000e+00      0.00000000e+00      0.00000000e+00     -1.49189329e-01      1.54406034e-01    
x21   0.00000000e+00      0.00000000e+00      1.98249309e-01     -3.44690409e-02      0.00000000e+00     -3.21520846e-01      6.19085515e-01      0.00000000e+00      0.00000000e+00      9.74751694e-01      9.56582041e-01      8.35419406e-01      0.00000000e+00      0.00000000e+00      0.00000000e+00     -5.03941484e-01      0.00000000e+00      0.00000000e+00      0.00000000e+00      9.22040550e-01      9.53253628e-01      8.50492118e-01     -5.82017667e-01      2.52188569e-01      0.00000000e+00      0.00000000e+00      0.00000000e+00      0.00000000e+00      0.00000000e+00      0.00000000e+00      4.47475242e-02      1.56774746e-01     -4.63730532e-01      7.94523652e-01      1.10486202e-01      0.00000000e+00      8.87360797e-02      0.00000000e+00      0.00000000e+00      0.00000000e+00    
x22   0.00000000e+00      0.00000000e+00      0.00000000e+00      5.76473876e-01      0.00000000e+00     -1.21649995e-01      0.00000000e+00     -9.37006569e-01      0.00000000e+00      0.00000000e+00      0.00000000e+00      0.00000000e+00      0.00000000e+00     -7.14794591e-01      0.00000000e+00     -6.99771587e-01      3.09734128e-01      0.00000000e+00      0.00000000e+00      0.00000000e+00      8.50492118e-01      4.67232668e-02      0.00000000e+00      8.79771746e-01      0.00000000e+00     -3.80787015e-01      5.21546101e-01      0.00000000e+00      0.00000000e+00      0.00000000e+00      0.00000000e+00      0.00000000e+00      1.47090983e-01      0.00000000e+00      0.00000000e+00      0.00000000e+00     -8.06895151e-01      0.00000000e+00     -7.35473362e-01     -8.32676781e-01    
x23   0.00000000e+00      0.00000000e+00      0.00000000e+00      0.00000000e+00      0.00000000e+00      0.00000000e+00      0.00000000e+00      5.08067705e-01     -4.93510319e-01      9.66222339e-01      0.00000000e+00      0.00000000e+00      0.00000000e+00      8.19220417e-01      0.00000000e+00      8.91627928e-01      0.00000000e+00      0.00000000e+00      0.00000000e+00      0.00000000e+00     -5.82017667e-01      0.00000000e+00      0.00000000e+00      0.00000000e+00      0.00000000e+00      0.00000000e+00      0.00000000e+00      0.00000000e+00      0.00000000e+00      0.00000000e+00      6.25520462e-01      0.00000000e+00      4.76728488e-01      0.00000000e+00      0.00000000e+00      0.00000000e+00      2.39582101e-01      0.00000000e+00      0.00000000e+00      0.00000000e+00    
x24   0.00000000e+00      0.00000000e+00      0.00000000e+00      0.00000000e+00     -4.61600546e-01      0.00000000e+00      0.00000000e+00      0.00000000e+00      5.20934650e-01      0.00000000e+00      6.63837903e-01      3.66909442e-01      0.00000000e+00     -5.52902944e-01      0.00000000e+00      6.29316622e-01      0.00000000e+00      0.00000000e+00     -1.61229706e-01      0.00000000e+00      2.52188569e-01      8.79771746e-01      0.00000000e+00      4.70327921e-01     -5.91293084e-01      0.00000000e+00      0.00000000e+00      0.00000000e+00      0.00000000e+00      0.00000000e+00      9.65570090e-01      0.00000000e+00      0.00000000e+00      0.00000000e+00      0.00000000e+00      0.00000000e+00      0.00000000e+00     -5.88695535e-01      8.43334491e-01      0.00000000e+00    
x25   7.35081390e-01      8.40525794e-01     -7.33648260e-01      7.76768665e-01      0.00000000e+00      0.00000000e+00      5.04994316e-01      0.00000000e+00      1.58812731e-01     -3.63124514e-01      0.00000000e+00      8.43263385e-01      0.00000000e+00      0.00000000e+00      5.51687293e-01      0.00000000e+00      0.00000000e+00      0.00000000e+00     -9.46420056e-01      0.00000000e+00      0.00000000e+00      0.00000000e+00      0.00000000e+00     -5.91293084e-01      0.00000000e+00      0.00000000e+00      0.00000000e+00      9.77849120e-01      0.00000000e+00      0.00000000e+00      0.00000000e+00      0.00000000e+00      0.00000000e+00      0.00000000e+00      0.00000000e+00      0.00000000e+00      0.00000000e+00     -1.11118750e-01      0.00000000e+00      1.09210758e-01    
x26   0.00000000e+00      0.00000000e+00     -9.08435017e-01     -6.59978085e-01      0.00000000e+00      0.00000000e+00      0.00000000e+00      0.00000000e+00      0.00000000e+00      0.00000000e+00      3.03443241e-01      0.00000000e+00      2.58358156e-01     -6.86939532e-01     -6.76497992e-01      0.00000000e+00      0.00000000e+00      0.00000000e+00      0.00000000e+00      0.00000000e+00      0.00000000e+00     -3.80787015e-01      0.00000000e+00      0.00000000e+00      0.00000000e+00      0.00000000e+00      0.00000000e+00      0.00000000e+00      0.00000000e+00     -8.36758146e-01      0.00000000e+00      0.00000000e+00      0.00000000e+00      0.00000000e+00      0.00000000e+00      0.00000000e+00      0.00000000e+00     -5.86234141e-01      0.00000000e+00     -4.67040237e-01    
x27   0.00000000e+00      0.00000000e+00     -5.54388978e-01      0.00000000e+00      0.00000000e+00      0.00000000e+00      5.46226088e-01      0.00000000e+00      0.00000000e+00      0.00000000e+00      0.00000000e+00      0.00000000e+00      0.00000000e+00      0.00000000e+00      0.00000000e+00     -4.87243196e-01      0.00000000e+00      7.96986705e-01      0.00000000e+00      0.00000000e+00      0.00000000e+00      5.21546101e-01      0.00000000e+00      0.00000000e+00      0.00000000e+00      0.00000000e+00      4.15853504e-01      6.20866193e-01      0.00000000e+00      6.16140741e-01      0.00000000e+00     -6.53033822e-01      0.00000000e+00      0.00000000e+00     -9.63410080e-01      0.00000000e+00      0.00000000e+00      3.20819990e-01      6.78241856e-01      8.69349487e-01    
x28   0.00000000e+00      0.00000000e+00      0.00000000e+00      0.00000000e+00      0.00000000e+00      0.00000000e+00     -9.85836516e-01      0.00000000e+00      0.00000000e+00      7.05462982e-01      0.00000000e+00      0.00000000e+00      0.00000000e+00      0.00000000e+00      0.00000000e+00      0.00000000e+00      0.00000000e+00      0.00000000e+00      0.00000000e+00      0.00000000e+00      0.00000000e+00      0.00000000e+00      0.00000000e+00      0.00000000e+00      9.77849120e-01      0.00000000e+00      6.20866193e-01      2.65469707e-02     -6.72781349e-01     -3.07598494e-01      0.00000000e+00      0.00000000e+00      0.00000000e+00      0.00000000e+00      0.00000000e+00      0.00000000e+00      0.00000000e+00      0.00000000e+00      0.00000000e+00      2.21784324e-01    
x29   0.00000000e+00      8.12867858e-01      7.83983281e-02      0.00000000e+00     -5.48511643e-02      4.10973830e-01      0.00000000e+00      0.00000000e+00      0.00000000e+00      0.00000000e+00      0.00000000e+00      0.00000000e+00      0.00000000e+00      0.00000000e+00     -8.12161757e-01      7.45805533e-01      0.00000000e+00      0.00000000e+00      0.00000000e+00      0.00000000e+00      0.00000000e+00      0.00000000e+00      0.00000000e+00      0.00000000e+00      0.00000000e+00      0.00000000e+00      0.00000000e+00     -6.72781349e-01      6.24672196e-01      0.00000000e+00      0.00000000e+00     -4.88727411e-01      6.48008234e-01      4.26754487e-01      0.00000000e+00      0.00000000e+00     -8.15431415e-01     -4.04997686e-01     -9.24118315e-01      0.00000000e+00    
