* problem 4
SET Vars   /x1*x20/;
SET QuadCons   /qc1*qc5/;
ALIAS(Vars,j,jj);
 
SET Pairs(Vars,Vars)  / 
x1.x2 ,  x1.x3 ,  x1.x4 ,  x1.x5 ,  x1.x6 ,  x1.x7 ,  x1.x8 ,  x1.x9 ,  x1.x10 ,  x1.x11 ,  x1.x12 ,  x1.x13 ,  x1.x14 ,  x1.x15 ,  x1.x16 ,  x1.x17 ,  x1.x18 ,  x1.x19 ,  x1.x20 ,  x2.x3 ,  x2.x4 ,  x2.x5 ,  x2.x6 ,  x2.x7 ,  x2.x8 ,  x2.x9 ,  x2.x10 ,  x2.x11 ,  x2.x12 ,  x2.x13 ,  x2.x14 ,  x2.x15 ,  x2.x16 ,  x2.x17 ,  x2.x18 ,  x2.x19 ,  x2.x20 ,  x3.x4 ,  x3.x5 ,  x3.x6 ,  x3.x7 ,  x3.x8 ,  x3.x9 ,  x3.x10 ,  x3.x11 ,  x3.x12 ,  x3.x13 ,  x3.x14 ,  x3.x15 ,  x3.x16 ,  x3.x17 ,  x3.x18 ,  x3.x19 ,  x3.x20 ,  x4.x5 ,  x4.x6 ,  x4.x7 ,  x4.x8 ,  x4.x9 ,  x4.x10 ,  x4.x11 ,  x4.x12 ,  x4.x13 ,  x4.x14 ,  x4.x15 ,  x4.x16 ,  x4.x17 ,  x4.x18 ,  x4.x19 ,  x4.x20 ,  x5.x6 ,  x5.x7 ,  x5.x8 ,  x5.x9 ,  x5.x10 ,  x5.x11 ,  x5.x12 ,  x5.x13 ,  x5.x14 ,  x5.x15 ,  x5.x16 ,  x5.x17 ,  x5.x18 ,  x5.x19 ,  x5.x20 ,  x6.x7 ,  x6.x8 ,  x6.x9 ,  x6.x10 ,  x6.x11 ,  x6.x12 ,  x6.x13 ,  x6.x14 ,  x6.x15 ,  x6.x16 ,  x6.x17 ,  x6.x18 ,  x6.x19 ,  x6.x20 ,  x7.x8 ,  x7.x9 ,  x7.x10 ,  x7.x11 ,  x7.x12 ,  x7.x13 ,  x7.x14 ,  x7.x15 ,  x7.x16 ,  x7.x17 ,  x7.x18 ,  x7.x19 ,  x7.x20 ,  x8.x9 ,  x8.x10 ,  x8.x11 ,  x8.x12 ,  x8.x13 ,  x8.x14 ,  x8.x15 ,  x8.x16 ,  x8.x17 ,  x8.x18 ,  x8.x19 ,  x8.x20 ,  x9.x10 ,  x9.x11 ,  x9.x12 ,  x9.x13 ,  x9.x14 ,  x9.x15 ,  x9.x16 ,  x9.x17 ,  x9.x18 ,  x9.x19 ,  x9.x20 ,  x10.x11 ,  x10.x12 ,  x10.x13 ,  x10.x14 ,  x10.x15 ,  x10.x16 ,  x10.x17 ,  x10.x18 ,  x10.x19 ,  x10.x20 ,  x11.x12 ,  x11.x13 ,  x11.x14 ,  x11.x15 ,  x11.x16 ,  x11.x17 ,  x11.x18 ,  x11.x19 ,  x11.x20 ,  x12.x13 ,  x12.x14 ,  x12.x15 ,  x12.x16 ,  x12.x17 ,  x12.x18 ,  x12.x19 ,  x12.x20 ,  x13.x14 ,  x13.x15 ,  x13.x16 ,  x13.x17 ,  x13.x18 ,  x13.x19 ,  x13.x20 ,  x14.x15 ,  x14.x16 ,  x14.x17 ,  x14.x18 ,  x14.x19 ,  x14.x20 ,  x15.x16 ,  x15.x17 ,  x15.x18 ,  x15.x19 ,  x15.x20 ,  x16.x17 ,  x16.x18 ,  x16.x19 ,  x16.x20 ,  x17.x18 ,  x17.x19 ,  x17.x20 ,  x18.x19 ,  x18.x20 ,  x19.x20    / ; 

PARAMETER c0(Vars)
  /  
x1   8.13685612e-01 
x2  -5.72696128e-01 
x3  -3.46060188e-01 
x4   9.83581222e-01 
x5   2.90939299e-01 
x6   1.15159446e-01 
x7  -5.92320977e-01 
x8   3.58025163e-01 
x9   7.66109303e-01 
x10  -8.54226752e-01 
x11  -6.33590660e-01 
x12  -4.41164781e-01 
x13   7.74958427e-01 
x14  -9.35546119e-01 
x15   9.09474596e-01 
x16   5.39280141e-01 
x17   6.01115488e-01 
x18  -5.34380806e-01 
x19   5.57030021e-01 
x20   3.12706129e-01 
 / 
 
PARAMETER g(QuadCons)
  /  
qc1   3.12714778e+00 
qc2   1.66691493e+00 
qc3  -2.89630480e+00 
qc4   2.74411312e-01 
qc5   1.44427557e-01 
 / 
 
TABLE Q0(j,jj)
                x1                 x2                 x3                 x4                 x5                 x6                 x7                 x8                 x9                 x10                 x11                 x12                 x13                 x14                 x15                 x16                 x17                 x18                 x19                 x20                
x1   0.000000000000     -2.02115974e-01      2.40024919e-01     -3.29989609e-02      7.66894416e-02     -4.44123209e-01     -7.05544744e-01      1.29545600e-01      1.61394353e-01      9.65366670e-01     -6.36368566e-01     -8.62967057e-01     -4.18140658e-02      2.06593814e-01      8.95622871e-01     -9.27292100e-01     -7.53413169e-01     -6.26687827e-01     -3.99278193e-01      6.12216407e-01    
x2  -2.02115974e-01      0.000000000000      2.78028269e-01      2.19187552e-01     -6.20181857e-01      6.42153878e-01      9.03902659e-01     -9.57066781e-01     -6.68845762e-01      4.45880290e-01      9.44801241e-01      8.89573597e-01     -3.34547233e-01      6.59646768e-01      3.00862952e-01     -7.09249762e-01     -2.96595197e-01      6.72164276e-01      8.56550638e-01     -6.73490902e-01    
x3   2.40024919e-01      2.78028269e-01      0.000000000000     -5.80236193e-01     -8.71532066e-01     -4.24482598e-01      8.76285300e-01     -3.45812936e-01      2.33975218e-01      8.97538248e-01      1.48056764e-01      6.86648796e-01      1.06650591e-02     -1.37908065e-01      1.71997690e-01     -8.00664283e-02      3.88610262e-01     -2.56869379e-01     -4.02157149e-01      5.17132725e-01    
x4  -3.29989609e-02      2.19187552e-01     -5.80236193e-01      0.000000000000      6.64137145e-02      5.95684431e-01      7.18470620e-01      1.27219396e-01      8.83958678e-01      4.87879816e-01     -1.00507701e-01     -6.01738715e-01     -1.91598123e-01     -8.63950035e-01      7.79857505e-02     -1.71243058e-01      7.70420986e-01      9.41110600e-01     -8.90789490e-01     -3.48993176e-02    
x5   7.66894416e-02     -6.20181857e-01     -8.71532066e-01      6.64137145e-02      0.000000000000      2.61358437e-01     -1.02894706e-01      9.41881520e-01     -8.42426242e-02      1.83394426e-01      3.72405570e-01     -5.07288928e-01     -1.80929033e-01     -7.53761879e-01      1.56628948e-01     -1.34152130e-01      6.00424181e-02     -6.73134062e-01     -5.89906392e-01      1.18417507e-01    
x6  -4.44123209e-01      6.42153878e-01     -4.24482598e-01      5.95684431e-01      2.61358437e-01      0.000000000000     -9.37194972e-01      4.55838641e-01      9.45475248e-01     -8.50686564e-01      4.69994320e-01     -7.85468853e-02      6.68148453e-01     -8.17108827e-01      2.44965265e-01     -6.53388116e-02      5.12218226e-01     -9.82863648e-01     -6.29835365e-01      4.35657526e-01    
x7  -7.05544744e-01      9.03902659e-01      8.76285300e-01      7.18470620e-01     -1.02894706e-01     -9.37194972e-01      0.000000000000      6.26619307e-01      1.47355022e-01      9.86831644e-01      9.27889989e-01     -6.23471625e-01     -9.91086914e-01     -8.16450256e-01     -1.33268374e-01      4.77093034e-01     -2.94161298e-01     -6.66460771e-01     -4.88093205e-01      9.93250838e-01    
x8   1.29545600e-01     -9.57066781e-01     -3.45812936e-01      1.27219396e-01      9.41881520e-01      4.55838641e-01      6.26619307e-01      0.000000000000     -3.60628254e-01      8.41311798e-01     -4.50421425e-01      2.52634150e-02      9.88160230e-01      2.85768607e-01     -3.92372155e-01     -3.20683452e-02     -2.01405581e-01      1.51582020e-01      7.53874116e-01     -7.10607551e-01    
x9   1.61394353e-01     -6.68845762e-01      2.33975218e-01      8.83958678e-01     -8.42426242e-02      9.45475248e-01      1.47355022e-01     -3.60628254e-01      0.000000000000     -6.66711943e-01      8.91926141e-01     -6.14244430e-01     -2.61886638e-01      3.90882227e-01     -2.06226965e-01     -6.35654826e-04      6.10845973e-02     -1.79935819e-01     -7.84820503e-01     -1.35268670e-01    
x10   9.65366670e-01      4.45880290e-01      8.97538248e-01      4.87879816e-01      1.83394426e-01     -8.50686564e-01      9.86831644e-01      8.41311798e-01     -6.66711943e-01      0.000000000000      3.44480883e-02     -9.12762690e-01     -4.62378250e-01     -2.09358091e-01      8.34884187e-01     -5.35628281e-01     -8.99438039e-01     -3.20840669e-01     -2.57138930e-01      2.56350953e-01    
x11  -6.36368566e-01      9.44801241e-01      1.48056764e-01     -1.00507701e-01      3.72405570e-01      4.69994320e-01      9.27889989e-01     -4.50421425e-01      8.91926141e-01      3.44480883e-02      0.000000000000      4.67198564e-01      3.62769419e-01      9.79517993e-01      7.71434772e-02     -9.42576061e-01      9.67156218e-01      3.27331885e-01      9.25356210e-01     -3.56749869e-01    
x12  -8.62967057e-01      8.89573597e-01      6.86648796e-01     -6.01738715e-01     -5.07288928e-01     -7.85468853e-02     -6.23471625e-01      2.52634150e-02     -6.14244430e-01     -9.12762690e-01      4.67198564e-01      0.000000000000     -1.66584703e-02     -4.77484821e-01      3.05243335e-02      9.71071317e-01      5.23843673e-01     -1.62817897e-01      6.32038717e-01      9.67509003e-01    
x13  -4.18140658e-02     -3.34547233e-01      1.06650591e-02     -1.91598123e-01     -1.80929033e-01      6.68148453e-01     -9.91086914e-01      9.88160230e-01     -2.61886638e-01     -4.62378250e-01      3.62769419e-01     -1.66584703e-02      0.000000000000      5.53937578e-01     -8.86601744e-01     -2.28211291e-01      7.83282521e-01      1.12104812e-02     -5.27503569e-01      6.27530947e-02    
x14   2.06593814e-01      6.59646768e-01     -1.37908065e-01     -8.63950035e-01     -7.53761879e-01     -8.17108827e-01     -8.16450256e-01      2.85768607e-01      3.90882227e-01     -2.09358091e-01      9.79517993e-01     -4.77484821e-01      5.53937578e-01      0.000000000000     -6.78339947e-02     -1.76109098e-01     -1.41683030e-01     -8.45308033e-01     -4.57929803e-03      2.18903319e-01    
x15   8.95622871e-01      3.00862952e-01      1.71997690e-01      7.79857505e-02      1.56628948e-01      2.44965265e-01     -1.33268374e-01     -3.92372155e-01     -2.06226965e-01      8.34884187e-01      7.71434772e-02      3.05243335e-02     -8.86601744e-01     -6.78339947e-02      0.000000000000      4.41691621e-01      5.14647730e-01      8.85869549e-01     -9.90683191e-01     -8.11099779e-01    
x16  -9.27292100e-01     -7.09249762e-01     -8.00664283e-02     -1.71243058e-01     -1.34152130e-01     -6.53388116e-02      4.77093034e-01     -3.20683452e-02     -6.35654826e-04     -5.35628281e-01     -9.42576061e-01      9.71071317e-01     -2.28211291e-01     -1.76109098e-01      4.41691621e-01      0.000000000000      8.24662188e-01      6.32175433e-01      5.65949735e-01     -7.99795367e-01    
x17  -7.53413169e-01     -2.96595197e-01      3.88610262e-01      7.70420986e-01      6.00424181e-02      5.12218226e-01     -2.94161298e-01     -2.01405581e-01      6.10845973e-02     -8.99438039e-01      9.67156218e-01      5.23843673e-01      7.83282521e-01     -1.41683030e-01      5.14647730e-01      8.24662188e-01      0.000000000000      9.24663949e-02      6.75912115e-01     -9.52769979e-01    
x18  -6.26687827e-01      6.72164276e-01     -2.56869379e-01      9.41110600e-01     -6.73134062e-01     -9.82863648e-01     -6.66460771e-01      1.51582020e-01     -1.79935819e-01     -3.20840669e-01      3.27331885e-01     -1.62817897e-01      1.12104812e-02     -8.45308033e-01      8.85869549e-01      6.32175433e-01      9.24663949e-02      0.000000000000      1.51972193e-01      2.88485777e-02    
x19  -3.99278193e-01      8.56550638e-01     -4.02157149e-01     -8.90789490e-01     -5.89906392e-01     -6.29835365e-01     -4.88093205e-01      7.53874116e-01     -7.84820503e-01     -2.57138930e-01      9.25356210e-01      6.32038717e-01     -5.27503569e-01     -4.57929803e-03     -9.90683191e-01      5.65949735e-01      6.75912115e-01      1.51972193e-01      0.000000000000     -2.09556308e-02    
x20   6.12216407e-01     -6.73490902e-01      5.17132725e-01     -3.48993176e-02      1.18417507e-01      4.35657526e-01      9.93250838e-01     -7.10607551e-01     -1.35268670e-01      2.56350953e-01     -3.56749869e-01      9.67509003e-01      6.27530947e-02      2.18903319e-01     -8.11099779e-01     -7.99795367e-01     -9.52769979e-01      2.88485777e-02     -2.09556308e-02      0.000000000000    
 ;

TABLE cmat(QuadCons,jj)
                x1                 x2                 x3                 x4                 x5                 x6                 x7                 x8                 x9                 x10                 x11                 x12                 x13                 x14                 x15                 x16                 x17                 x18                 x19                 x20                
qc1  4.49371728e-01      3.01686719e-01      5.72614202e-01     -9.95467833e-01      4.55492030e-01      3.93212655e-01     -6.02133663e-01      5.15311605e-01      5.84246844e-01      1.40416365e-01     -4.80525935e-01      2.76823626e-01     -4.10345851e-01      9.68395056e-01     -9.45448719e-01     -6.24556639e-01     -2.79942791e-01      8.39722122e-01      1.97510559e-01     -7.62141166e-01    
qc2  7.17731447e-01      7.50406918e-01      8.73415578e-01     -5.86741893e-01      5.95089072e-01     -3.07517317e-01     -4.56117003e-01      2.70575478e-01     -1.26259493e-01      9.30898492e-01     -9.10415877e-01     -4.04273985e-01     -4.88006400e-01     -7.02724520e-01     -8.11954419e-01     -7.36445482e-02     -4.30686805e-01      5.83020616e-01      1.46176351e-01     -2.65535055e-01    
qc3  4.51543514e-01     -4.28115771e-01     -5.90565743e-01     -9.52985195e-01      4.96074145e-01     -4.75144739e-01     -3.70129798e-01     -4.69319198e-01      5.30318852e-01     -6.39072158e-01     -5.31314312e-01     -7.80195049e-01     -8.23516376e-01      5.85686996e-01      8.65240287e-03      5.09755344e-01     -2.88337929e-01     -8.67551582e-01      4.68446593e-01     -6.34829366e-01    
qc4 -4.73861992e-01     -4.32959057e-01     -5.93875105e-01      7.32204236e-01     -2.00550493e-01     -8.33389046e-01     -6.08430639e-01     -4.38946133e-01      4.93681866e-01      3.56375805e-02      9.02226575e-01      1.72039150e-01     -1.56695506e-01      2.38865374e-01     -5.67826544e-01      8.72726495e-01     -6.71064081e-01      4.01829652e-01      6.10571371e-01      5.86010237e-01    
qc5 -9.39724566e-01      3.72389610e-01     -7.35039442e-01     -2.85984516e-01      2.65437977e-01      5.68136025e-01      5.42597202e-01      8.73120992e-01      7.29024064e-01     -8.17852695e-01     -6.07242181e-01     -4.59991886e-01     -9.26713246e-01     -5.68836422e-01      9.96381068e-02     -3.23347951e-01      6.88086269e-01     -3.76363458e-01      8.10231754e-01     -6.29494608e-01    
 ;

TABLE Q(j,jj,QuadCons)
                      qc1                qc2                qc3                qc4                qc5               
x1.x1    
x1.x2     -4.14336789e-02      5.68167172e-01      7.25499387e-01     -1.35135338e-01      6.38346623e-01    
x1.x3     -9.79015326e-01      1.14617083e-01      9.33197822e-01      4.85538372e-01     -7.71185567e-01    
x1.x4      2.07937393e-01      5.13911572e-01     -2.85245677e-01     -4.18030863e-01      8.62549348e-01    
x1.x5      4.14869556e-01      3.74995678e-01     -4.66589965e-02      8.86429422e-01     -4.45750368e-01    
x1.x6      2.28061732e-01     -7.39944672e-01      3.61782957e-01     -2.07626875e-01      1.90528825e-01    
x1.x7      4.91308903e-01      6.00867912e-01     -5.34522466e-01     -2.55803786e-01     -7.77455845e-01    
x1.x8     -5.38461739e-01     -2.17335576e-01     -9.66328544e-01      4.29653413e-01      7.77337444e-01    
x1.x9      9.17466140e-02     -7.13248456e-01      7.98632026e-02      9.50261789e-01      4.41014195e-02    
x1.x10     -1.48871075e-01      4.36746169e-01      9.66478312e-01     -7.91815973e-01     -9.65437398e-01    
x1.x11     -5.57077225e-01      2.64338475e-01     -9.72872813e-01      5.16726285e-01      7.36959970e-01    
x1.x12     -7.61215590e-02     -3.95717172e-01     -1.75064322e-01      8.15168427e-01      3.35832135e-01    
x1.x13      8.47430504e-01     -9.92094471e-01     -7.74279711e-01      9.60697021e-02      4.88490830e-02    
x1.x14     -4.25309992e-01      1.08194346e-01     -5.88285011e-01      2.72949419e-01      6.84460176e-02    
x1.x15      6.28341691e-01      9.67949856e-01     -4.82532521e-01      5.30037276e-02      3.02865837e-01    
x1.x16     -3.66786367e-02      9.31971466e-01     -2.87459173e-01      3.34941716e-01      7.00728349e-01    
x1.x17      5.67653214e-01      5.38733110e-01     -4.63536029e-01     -1.68321034e-01      9.09007324e-01    
x1.x18      5.02848537e-01      8.27214259e-01      9.13384200e-01     -8.20527818e-02      9.53011909e-01    
x1.x19     -5.92150592e-01      9.04479735e-01      6.09479239e-01      2.80772903e-01     -4.54080672e-01    
x1.x20     -1.76624560e-02      8.67688881e-01     -9.34570743e-01     -6.15474960e-01      7.42655768e-01    
x2.x1     -4.14336789e-02      5.68167172e-01      7.25499387e-01     -1.35135338e-01      6.38346623e-01      
 x2.x2    
x2.x3      2.02718474e-01      2.44511562e-01      2.65161110e-01      3.98381866e-01      4.02075538e-01    
x2.x4      8.46440208e-01      2.52221543e-01      9.27987978e-02     -4.48899538e-01      4.16293449e-01    
x2.x5      1.40950401e-01     -8.89538443e-02     -8.05740017e-01      6.66127992e-01      7.40427009e-01    
x2.x6     -5.46361244e-01      8.76885082e-01     -8.56971357e-01     -7.24420905e-01     -1.17509910e-01    
x2.x7      6.58573014e-01     -4.47346286e-01      5.14881977e-01     -9.92242108e-01      9.45307489e-01    
x2.x8      3.61323343e-01      5.49756782e-01      9.23324281e-01     -9.52140927e-02     -6.59585274e-01    
x2.x9     -2.69017037e-01      9.58803439e-01     -7.56794850e-01      6.35416031e-05     -5.07915338e-01    
x2.x10      3.65151802e-01     -8.55213182e-01      4.01364722e-01      7.51853523e-01     -5.43849156e-01    
x2.x11     -9.42080399e-02      1.55001616e-01     -3.46477803e-01     -7.43704112e-01      1.45329234e-01    
x2.x12      9.54679188e-01     -2.03717785e-01      7.21089788e-01      6.05670472e-01     -1.49887572e-01    
x2.x13      5.37962593e-01      1.54782674e-01     -2.40860610e-01      1.60543280e-01      5.34662228e-01    
x2.x14      9.33942247e-01     -3.37940952e-01     -8.53436181e-01      8.79844728e-01     -2.35851035e-01    
x2.x15     -7.08109125e-01     -8.63230036e-01      4.14425193e-01      8.39079806e-01      9.88436375e-01    
x2.x16     -2.82003034e-01      9.29785539e-01      7.98589625e-01     -8.77287218e-01      8.76041793e-01    
x2.x17      9.45752624e-02      9.77972848e-01      3.55647780e-01     -9.66079303e-02      5.02356833e-01    
x2.x18      3.73482778e-01     -1.28275979e-01      3.15733368e-01      9.57131155e-01      8.14739765e-02    
x2.x19     -5.58386416e-01     -3.38255944e-01     -3.69526684e-01      4.00397721e-01     -4.25430988e-01    
x2.x20      6.28965806e-02      8.99152576e-01      4.97539440e-01     -4.64719648e-01     -9.39403205e-01    
x3.x1     -9.79015326e-01      1.14617083e-01      9.33197822e-01      4.85538372e-01     -7.71185567e-01      
 x3.x2      2.02718474e-01      2.44511562e-01      2.65161110e-01      3.98381866e-01      4.02075538e-01      
 x3.x3    
x3.x4      2.53301258e-02      1.47298772e-01     -4.01607221e-02      8.78112891e-01     -8.27607362e-02    
x3.x5      6.13883430e-01      9.29096240e-01     -4.67397613e-01     -2.79191169e-01     -7.17075544e-01    
x3.x6      2.76330036e-01     -2.18917504e-01      6.61328138e-01      7.49961442e-01     -2.50421061e-01    
x3.x7      9.58280301e-01     -4.82869828e-01      2.72831608e-02      4.19830340e-01      8.37212581e-01    
x3.x8      6.56054521e-01     -6.86312461e-01      1.46319821e-01      3.47439746e-01      5.01574652e-01    
x3.x9     -1.86420065e-01     -2.99324157e-02     -1.76636716e-01      6.56826603e-01     -7.65285706e-01    
x3.x10      7.86033878e-01      1.85458041e-01     -9.28207645e-01      7.36205754e-01      8.74405692e-01    
x3.x11      6.57196523e-01     -8.19642954e-01      8.62890163e-01     -9.35646017e-01      3.50387697e-01    
x3.x12     -8.06906503e-01     -7.83843968e-01      8.81261141e-01      2.18162414e-01     -5.50944951e-01    
x3.x13      2.15735049e-01      4.11883905e-01     -3.47109748e-01      1.21082968e-01      8.74533858e-01    
x3.x14      7.64420583e-01      1.19043045e-01     -1.73107808e-01     -7.39141614e-01     -6.38913312e-01    
x3.x15      2.92643491e-01      4.39488926e-01     -1.78732089e-01      4.72578824e-01      5.02896010e-02    
x3.x16     -4.88482149e-01     -5.08389727e-01     -9.62228522e-01     -8.84229787e-01     -2.65902827e-01    
x3.x17     -5.99139251e-01      2.42266663e-01      8.94089441e-01      1.53660188e-03      6.08642754e-01    
x3.x18      3.15552845e-01      4.05470250e-01      3.23585542e-01      1.78945336e-02      2.82127933e-01    
x3.x19      4.57568614e-01     -3.12061585e-01     -1.96083485e-01      7.13113349e-01     -4.53746044e-01    
x3.x20     -8.62747895e-01      8.90788120e-01      7.19427321e-02      8.00317758e-01     -4.55332073e-01    
x4.x1      2.07937393e-01      5.13911572e-01     -2.85245677e-01     -4.18030863e-01      8.62549348e-01      
 x4.x2      8.46440208e-01      2.52221543e-01      9.27987978e-02     -4.48899538e-01      4.16293449e-01      
 x4.x3      2.53301258e-02      1.47298772e-01     -4.01607221e-02      8.78112891e-01     -8.27607362e-02      
 x4.x4    
x4.x5      6.80946175e-02      3.22118711e-01      6.01178027e-01      5.02670958e-01     -7.36497531e-02    
x4.x6     -7.55303159e-01      2.02402766e-01     -5.74166547e-01     -9.83986293e-01     -8.52817695e-01    
x4.x7      6.75880814e-01      9.46854063e-01     -9.47759984e-01      5.78801113e-01      6.65593820e-01    
x4.x8     -4.57901568e-01      8.48038000e-01      4.14690839e-01      9.86626436e-01      3.41013780e-01    
x4.x9      9.95834800e-01      5.30406068e-01      5.98533276e-02     -8.75612362e-01     -7.48789248e-01    
x4.x10      1.56732582e-01     -4.40520155e-01     -4.22802283e-01      8.51412222e-01     -1.12616514e-01    
x4.x11      3.63665593e-01     -5.89975697e-01      7.54840852e-01     -6.46579078e-01     -9.91644890e-01    
x4.x12     -7.82542681e-01     -4.23158986e-01      1.46179718e-01     -1.14437203e-01     -9.05657378e-01    
x4.x13      9.11291521e-01     -5.15435286e-01     -4.83418685e-01     -8.70076635e-03      9.41066181e-01    
x4.x14      1.08483978e-01      7.34908555e-01     -4.17603460e-02     -7.85450984e-01      2.81632615e-01    
x4.x15      7.21381980e-01     -2.85689872e-01     -8.85702033e-01      2.59620200e-01     -7.40161769e-02    
x4.x16     -8.29748134e-02      2.05254351e-01     -5.72243566e-01     -7.36674014e-01     -8.89277237e-01    
x4.x17     -8.44234016e-01     -2.16623764e-01      3.73462932e-01      6.20760968e-01     -2.25428299e-01    
x4.x18      2.95073751e-01      7.01925996e-01      3.87606564e-01      6.88279984e-01      9.93356313e-01    
x4.x19     -9.13262606e-01      5.65204467e-01     -6.16062261e-01     -1.12597126e-01      7.44214234e-02    
x4.x20      3.12557531e-01      1.16114677e-01      4.18161818e-01     -3.52132714e-01      5.04320370e-02    
x5.x1      4.14869556e-01      3.74995678e-01     -4.66589965e-02      8.86429422e-01     -4.45750368e-01      
 x5.x2      1.40950401e-01     -8.89538443e-02     -8.05740017e-01      6.66127992e-01      7.40427009e-01      
 x5.x3      6.13883430e-01      9.29096240e-01     -4.67397613e-01     -2.79191169e-01     -7.17075544e-01      
 x5.x4      6.80946175e-02      3.22118711e-01      6.01178027e-01      5.02670958e-01     -7.36497531e-02      
 x5.x5    
x5.x6      8.98458200e-01     -7.71575787e-01     -7.96538160e-01      7.41508304e-01      3.48651239e-01    
x5.x7      9.11901821e-01      6.07493340e-01      5.79275248e-01      7.21563199e-01     -6.45167802e-01    
x5.x8      6.54643789e-01      2.02511014e-01     -9.83079638e-01      9.36587521e-01     -4.29318123e-01    
x5.x9      6.88414425e-01     -2.43091693e-01      5.22573514e-01     -8.84545989e-02      6.37529915e-02    
x5.x10      9.06489680e-01      5.88748930e-01     -4.95638128e-01     -1.53857428e-01     -8.09991791e-01    
x5.x11     -1.30705961e-01      6.87961115e-01      4.13560135e-01     -3.06660317e-01     -2.30617479e-01    
x5.x12     -7.75733051e-01      4.35715651e-02      6.72360725e-01     -8.66498610e-01      2.42137117e-01    
x5.x13      9.44568888e-01     -6.48722791e-01      5.56399919e-01      1.84565240e-01      6.87458783e-01    
x5.x14      9.06128189e-01      9.11488799e-01      1.97957197e-01     -2.20956703e-01     -4.15315859e-01    
x5.x15      4.35736597e-01      8.26909586e-01     -9.10747772e-01     -1.89901191e-01      8.95722268e-01    
x5.x16     -8.14279422e-02      5.73855163e-01     -3.26708767e-01      9.86244799e-01     -2.76432248e-01    
x5.x17      5.98739543e-01     -5.92482114e-02      4.83360034e-01      4.48522312e-01     -1.41355567e-02    
x5.x18      8.09494980e-01      9.69188434e-01      6.72050288e-01      8.40247317e-02      2.69983822e-01    
x5.x19      5.72408944e-01     -2.62206126e-01      1.67981011e-01     -8.55901914e-01     -9.01650522e-01    
x5.x20     -4.96373138e-01     -7.22407408e-01      4.09689271e-02     -2.63547025e-01      1.87867478e-01    
x6.x1      2.28061732e-01     -7.39944672e-01      3.61782957e-01     -2.07626875e-01      1.90528825e-01      
 x6.x2     -5.46361244e-01      8.76885082e-01     -8.56971357e-01     -7.24420905e-01     -1.17509910e-01      
 x6.x3      2.76330036e-01     -2.18917504e-01      6.61328138e-01      7.49961442e-01     -2.50421061e-01      
 x6.x4     -7.55303159e-01      2.02402766e-01     -5.74166547e-01     -9.83986293e-01     -8.52817695e-01      
 x6.x5      8.98458200e-01     -7.71575787e-01     -7.96538160e-01      7.41508304e-01      3.48651239e-01      
 x6.x6    
x6.x7      6.91607990e-01      8.52888982e-01      4.63960740e-01      6.59089841e-01     -5.87910967e-01    
x6.x8     -5.58281256e-01     -7.23287432e-01     -6.23632808e-01     -3.93893780e-01      4.18523704e-01    
x6.x9     -8.46589211e-01      6.92639516e-01      6.97622588e-01     -3.63484158e-01      8.23840541e-01    
x6.x10     -8.24555054e-01      2.85441143e-01      9.59648552e-01     -8.50876027e-01      1.80921964e-01    
x6.x11      1.98566858e-01      6.07184980e-01      6.84432037e-01      7.84673616e-01     -6.54399015e-01    
x6.x12     -5.15446349e-01      1.06765413e-01      8.46617988e-01     -7.01941806e-01     -9.82337879e-01    
x6.x13      5.10818553e-01     -8.75849479e-01     -9.57320976e-01      4.57850514e-01      1.70841856e-01    
x6.x14      3.25074480e-01     -4.94800973e-01     -7.88252763e-01      4.92749502e-01     -1.03503678e-01    
x6.x15      6.91519837e-01      1.60047587e-01     -6.31979690e-01     -3.80816635e-01      4.48479383e-01    
x6.x16      5.83946026e-01      1.80560109e-01      5.50249116e-01     -2.06002596e-02      6.98840234e-01    
x6.x17     -9.66063270e-01      6.56013439e-02      3.19400028e-02     -5.76054907e-01     -7.21297272e-01    
x6.x18     -3.93951305e-01      9.09339573e-01     -1.41146929e-01      8.73287795e-01     -1.27058385e-01    
x6.x19      7.47525671e-01      2.48873788e-01      2.27858331e-02     -9.77104756e-01     -2.29017267e-01    
x6.x20      3.27232524e-01     -3.25910704e-01     -4.90051389e-01      3.31910149e-01      3.77952857e-01    
x7.x1      4.91308903e-01      6.00867912e-01     -5.34522466e-01     -2.55803786e-01     -7.77455845e-01      
 x7.x2      6.58573014e-01     -4.47346286e-01      5.14881977e-01     -9.92242108e-01      9.45307489e-01      
 x7.x3      9.58280301e-01     -4.82869828e-01      2.72831608e-02      4.19830340e-01      8.37212581e-01      
 x7.x4      6.75880814e-01      9.46854063e-01     -9.47759984e-01      5.78801113e-01      6.65593820e-01      
 x7.x5      9.11901821e-01      6.07493340e-01      5.79275248e-01      7.21563199e-01     -6.45167802e-01      
 x7.x6      6.91607990e-01      8.52888982e-01      4.63960740e-01      6.59089841e-01     -5.87910967e-01      
 x7.x7    
x7.x8      6.52219488e-01     -2.60883317e-01     -6.67002113e-01     -4.98942965e-01     -2.88739052e-01    
x7.x9      8.13989289e-01     -5.90778833e-01     -3.08052470e-01      1.18173166e-02     -4.99143175e-01    
x7.x10      4.24073287e-01      4.21870165e-01      8.18162826e-01      4.01273967e-01      2.28773325e-01    
x7.x11      1.80551476e-01      2.31682821e-01      7.65709342e-01      4.11151801e-01     -7.29476364e-02    
x7.x12     -7.03847130e-01     -5.29709004e-01     -6.78528348e-01      2.22537239e-02     -5.15646650e-01    
x7.x13     -3.25164862e-04     -6.95745847e-01     -5.19910510e-01      9.45395135e-01     -3.00450348e-01    
x7.x14      2.95350939e-02     -1.80931114e-02     -6.29365505e-01     -1.50139499e-02      7.76665979e-01    
x7.x15     -6.42254043e-01      1.36766181e-01     -8.98988813e-01      5.42916843e-01      7.10340687e-01    
x7.x16      7.88129677e-01      5.88740988e-01     -4.58260753e-01      8.75998371e-01     -1.43494279e-01    
x7.x17     -8.86264886e-01     -7.71787787e-01      7.30727068e-01      8.27409198e-01      3.64451899e-01    
x7.x18     -2.52645371e-02      2.91866345e-01     -1.48839363e-01     -6.56607014e-01      8.63202229e-01    
x7.x19     -6.13062841e-01      2.24552473e-01     -1.95851565e-01      2.35074961e-01     -9.46611122e-01    
x7.x20     -5.56812358e-02      3.45782993e-01      7.16952064e-02      2.01975247e-01      5.02987074e-01    
x8.x1     -5.38461739e-01     -2.17335576e-01     -9.66328544e-01      4.29653413e-01      7.77337444e-01      
 x8.x2      3.61323343e-01      5.49756782e-01      9.23324281e-01     -9.52140927e-02     -6.59585274e-01      
 x8.x3      6.56054521e-01     -6.86312461e-01      1.46319821e-01      3.47439746e-01      5.01574652e-01      
 x8.x4     -4.57901568e-01      8.48038000e-01      4.14690839e-01      9.86626436e-01      3.41013780e-01      
 x8.x5      6.54643789e-01      2.02511014e-01     -9.83079638e-01      9.36587521e-01     -4.29318123e-01      
 x8.x6     -5.58281256e-01     -7.23287432e-01     -6.23632808e-01     -3.93893780e-01      4.18523704e-01      
 x8.x7      6.52219488e-01     -2.60883317e-01     -6.67002113e-01     -4.98942965e-01     -2.88739052e-01      
 x8.x8    
x8.x9     -8.13430688e-02      5.53428645e-01     -9.93859396e-01     -4.09726641e-01      8.15457524e-01    
x8.x10      2.85168486e-02     -2.50736866e-01     -3.13042165e-01      1.87879363e-01     -6.31280564e-01    
x8.x11      2.12561486e-01     -5.70828530e-02     -9.52289963e-01      8.77594592e-02     -5.24936457e-01    
x8.x12     -1.26467905e-01      5.84219030e-01      8.45509955e-01     -8.64885568e-01      7.26577810e-01    
x8.x13     -2.35456631e-01      4.73284637e-01      1.27858922e-01     -3.11418176e-01      6.73328336e-01    
x8.x14      9.56790623e-01      8.76090191e-01     -1.52998428e-01      4.16118122e-01     -9.42966245e-01    
x8.x15     -6.35956562e-01      8.83597250e-01     -6.72723389e-01     -4.93453000e-02     -4.13001934e-01    
x8.x16      4.88901809e-01     -4.45025011e-01     -9.80440511e-01      7.98666291e-01     -3.86458476e-01    
x8.x17      3.22779510e-01      6.55121685e-01     -8.01478420e-02      8.01497374e-01     -5.14698074e-01    
x8.x18      4.78068057e-01     -5.23544670e-01     -4.02475624e-01     -3.56840609e-01     -9.60138969e-01    
x8.x19      7.18401464e-01     -6.02964514e-01      4.54072976e-01      2.21948884e-02     -3.45322554e-01    
x8.x20      7.78891877e-01     -6.04297075e-01      2.21706871e-01      7.14436114e-02      9.55005272e-01    
x9.x1      9.17466140e-02     -7.13248456e-01      7.98632026e-02      9.50261789e-01      4.41014195e-02      
 x9.x2     -2.69017037e-01      9.58803439e-01     -7.56794850e-01      6.35416031e-05     -5.07915338e-01      
 x9.x3     -1.86420065e-01     -2.99324157e-02     -1.76636716e-01      6.56826603e-01     -7.65285706e-01      
 x9.x4      9.95834800e-01      5.30406068e-01      5.98533276e-02     -8.75612362e-01     -7.48789248e-01      
 x9.x5      6.88414425e-01     -2.43091693e-01      5.22573514e-01     -8.84545989e-02      6.37529915e-02      
 x9.x6     -8.46589211e-01      6.92639516e-01      6.97622588e-01     -3.63484158e-01      8.23840541e-01      
 x9.x7      8.13989289e-01     -5.90778833e-01     -3.08052470e-01      1.18173166e-02     -4.99143175e-01      
 x9.x8     -8.13430688e-02      5.53428645e-01     -9.93859396e-01     -4.09726641e-01      8.15457524e-01      
 x9.x9    
x9.x10     -8.70444587e-02     -6.29834659e-02      6.91951222e-01     -6.95540494e-01      9.88096560e-01    
x9.x11     -7.14021783e-01     -9.74558692e-01     -2.13548217e-01      9.91630139e-01     -2.80879284e-01    
x9.x12     -2.39095252e-01     -2.09007628e-01     -5.37440228e-01     -6.24395573e-01      7.15209287e-01    
x9.x13      8.64507446e-01     -7.73265299e-02     -1.73822131e-01     -3.02651595e-01     -6.27192055e-02    
x9.x14      9.48210141e-01     -7.60774371e-01     -8.76714996e-02     -7.87827319e-01      7.18123983e-01    
x9.x15      7.63581529e-03     -1.19806404e-01     -7.02495678e-01      4.78306437e-01      1.47501012e-01    
x9.x16     -8.55177333e-01     -6.06995916e-01     -7.44003527e-01      6.95427212e-02     -6.84643525e-01    
x9.x17      9.06340331e-01     -5.00952462e-01      7.33943624e-01      6.57669184e-01      1.95795887e-01    
x9.x18     -2.87649716e-01      7.44146950e-01      3.56022559e-01     -5.12473483e-01     -2.00197454e-01    
x9.x19     -5.90305577e-01      4.29061839e-01     -8.84394028e-01     -3.80865387e-01      8.44316930e-01    
x9.x20     -4.75882986e-01     -3.45351368e-01     -6.44835395e-01     -2.72833489e-01     -2.37133273e-01    
x10.x1     -1.48871075e-01      4.36746169e-01      9.66478312e-01     -7.91815973e-01     -9.65437398e-01      
 x10.x2      3.65151802e-01     -8.55213182e-01      4.01364722e-01      7.51853523e-01     -5.43849156e-01      
 x10.x3      7.86033878e-01      1.85458041e-01     -9.28207645e-01      7.36205754e-01      8.74405692e-01      
 x10.x4      1.56732582e-01     -4.40520155e-01     -4.22802283e-01      8.51412222e-01     -1.12616514e-01      
 x10.x5      9.06489680e-01      5.88748930e-01     -4.95638128e-01     -1.53857428e-01     -8.09991791e-01      
 x10.x6     -8.24555054e-01      2.85441143e-01      9.59648552e-01     -8.50876027e-01      1.80921964e-01      
 x10.x7      4.24073287e-01      4.21870165e-01      8.18162826e-01      4.01273967e-01      2.28773325e-01      
 x10.x8      2.85168486e-02     -2.50736866e-01     -3.13042165e-01      1.87879363e-01     -6.31280564e-01      
 x10.x9     -8.70444587e-02     -6.29834659e-02      6.91951222e-01     -6.95540494e-01      9.88096560e-01      
 x10.x10    
x10.x11     -7.08873046e-01      6.10558721e-02     -3.35446306e-01      3.76927136e-01      9.54650336e-01    
x10.x12     -1.33181549e-04      3.84639032e-01      1.53391848e-01      2.71500069e-01      3.54441990e-01    
x10.x13     -3.61244041e-01      3.19771728e-01      9.05895431e-01     -8.28401595e-01      4.56341679e-01    
x10.x14     -6.86920013e-02     -6.53574068e-01      4.54335065e-01      6.54332720e-01      1.02091300e-01    
x10.x15      5.30051996e-01      3.02830141e-01      3.78754624e-01      1.91107980e-01      9.21491734e-01    
x10.x16      8.43979076e-01      1.05003207e-01     -7.42417910e-01      2.03234500e-01      7.57255546e-01    
x10.x17     -5.41669524e-01     -5.21249194e-01      8.67441630e-02      5.77276416e-01     -2.45969701e-01    
x10.x18      6.02519414e-01      7.83949133e-01     -5.79671774e-01     -3.94871589e-01     -9.98041660e-03    
x10.x19      4.95192836e-01     -8.20445567e-01     -8.41393657e-01      1.19397590e-01     -9.28898827e-01    
x10.x20      3.61014362e-01     -5.72311186e-01      9.39904049e-01     -2.37128528e-01      8.33785353e-01    
x11.x1     -5.57077225e-01      2.64338475e-01     -9.72872813e-01      5.16726285e-01      7.36959970e-01      
 x11.x2     -9.42080399e-02      1.55001616e-01     -3.46477803e-01     -7.43704112e-01      1.45329234e-01      
 x11.x3      6.57196523e-01     -8.19642954e-01      8.62890163e-01     -9.35646017e-01      3.50387697e-01      
 x11.x4      3.63665593e-01     -5.89975697e-01      7.54840852e-01     -6.46579078e-01     -9.91644890e-01      
 x11.x5     -1.30705961e-01      6.87961115e-01      4.13560135e-01     -3.06660317e-01     -2.30617479e-01      
 x11.x6      1.98566858e-01      6.07184980e-01      6.84432037e-01      7.84673616e-01     -6.54399015e-01      
 x11.x7      1.80551476e-01      2.31682821e-01      7.65709342e-01      4.11151801e-01     -7.29476364e-02      
 x11.x8      2.12561486e-01     -5.70828530e-02     -9.52289963e-01      8.77594592e-02     -5.24936457e-01      
 x11.x9     -7.14021783e-01     -9.74558692e-01     -2.13548217e-01      9.91630139e-01     -2.80879284e-01      
 x11.x10     -7.08873046e-01      6.10558721e-02     -3.35446306e-01      3.76927136e-01      9.54650336e-01      
 x11.x11    
x11.x12     -1.44401037e-02      3.96703327e-01      3.49644123e-01     -4.44526464e-01     -5.10389440e-01    
x11.x13      7.93649729e-01      1.44546474e-01      3.60674436e-01     -2.52114344e-01     -5.93803590e-01    
x11.x14     -2.52533919e-01      5.89731100e-02     -2.44678372e-01     -9.68297310e-03     -9.64990232e-01    
x11.x15      4.23327015e-01     -3.11263988e-01     -9.32387536e-01      6.24256435e-01      7.22223169e-01    
x11.x16     -9.74060782e-01     -8.12332090e-01     -5.24905608e-02     -8.33363882e-01      1.99544540e-02    
x11.x17     -2.03999792e-01      9.31371765e-02      8.23746808e-01     -7.86021455e-01     -8.78630433e-01    
x11.x18     -9.45427935e-02     -1.49297480e-01      9.38685470e-01     -8.29117996e-01      7.89228124e-01    
x11.x19     -6.34146119e-01      5.20851407e-01     -1.03987080e-01     -9.35900823e-01      3.71505494e-01    
x11.x20      4.83241256e-01      8.18694481e-01      9.73263522e-01      7.86779589e-02     -6.25696764e-02    
x12.x1     -7.61215590e-02     -3.95717172e-01     -1.75064322e-01      8.15168427e-01      3.35832135e-01      
 x12.x2      9.54679188e-01     -2.03717785e-01      7.21089788e-01      6.05670472e-01     -1.49887572e-01      
 x12.x3     -8.06906503e-01     -7.83843968e-01      8.81261141e-01      2.18162414e-01     -5.50944951e-01      
 x12.x4     -7.82542681e-01     -4.23158986e-01      1.46179718e-01     -1.14437203e-01     -9.05657378e-01      
 x12.x5     -7.75733051e-01      4.35715651e-02      6.72360725e-01     -8.66498610e-01      2.42137117e-01      
 x12.x6     -5.15446349e-01      1.06765413e-01      8.46617988e-01     -7.01941806e-01     -9.82337879e-01      
 x12.x7     -7.03847130e-01     -5.29709004e-01     -6.78528348e-01      2.22537239e-02     -5.15646650e-01      
 x12.x8     -1.26467905e-01      5.84219030e-01      8.45509955e-01     -8.64885568e-01      7.26577810e-01      
 x12.x9     -2.39095252e-01     -2.09007628e-01     -5.37440228e-01     -6.24395573e-01      7.15209287e-01      
 x12.x10     -1.33181549e-04      3.84639032e-01      1.53391848e-01      2.71500069e-01      3.54441990e-01      
 x12.x11     -1.44401037e-02      3.96703327e-01      3.49644123e-01     -4.44526464e-01     -5.10389440e-01      
 x12.x12    
x12.x13      9.96490032e-01      7.82230916e-01     -5.24705476e-01     -8.39676355e-01      7.77801919e-01    
x12.x14      6.35652480e-02     -6.78376309e-01     -8.98097160e-01      5.14138681e-01     -1.05845161e-01    
x12.x15     -7.11935448e-02     -3.34529183e-01      6.77820363e-01      7.54003974e-01     -9.24121659e-01    
x12.x16      2.09870879e-01     -8.76767910e-01     -1.79934536e-01      6.12124078e-01     -6.82319872e-01    
x12.x17      1.87505690e-01      1.62727492e-01      6.28256978e-01     -9.88686211e-01      8.64491378e-02    
x12.x18      7.39049377e-01     -5.28227474e-01      8.00905818e-01     -4.25827410e-01      8.04354845e-01    
x12.x19     -4.21816475e-02     -7.33732759e-01     -4.21721643e-01     -6.33029649e-01      4.04587646e-01    
x12.x20     -7.45580416e-01      9.36379228e-01     -4.17698491e-01     -4.87523981e-01     -6.87204291e-01    
x13.x1      8.47430504e-01     -9.92094471e-01     -7.74279711e-01      9.60697021e-02      4.88490830e-02      
 x13.x2      5.37962593e-01      1.54782674e-01     -2.40860610e-01      1.60543280e-01      5.34662228e-01      
 x13.x3      2.15735049e-01      4.11883905e-01     -3.47109748e-01      1.21082968e-01      8.74533858e-01      
 x13.x4      9.11291521e-01     -5.15435286e-01     -4.83418685e-01     -8.70076635e-03      9.41066181e-01      
 x13.x5      9.44568888e-01     -6.48722791e-01      5.56399919e-01      1.84565240e-01      6.87458783e-01      
