* problem 2
SET Vars   /x1*x20/;
SET QuadCons   /qc1*qc5/;
ALIAS(Vars,j,jj);
 
SET Pairs(Vars,Vars)  / 
x1.x2 ,  x1.x3 ,  x1.x4 ,  x1.x5 ,  x1.x6 ,  x1.x7 ,  x1.x8 ,  x1.x9 ,  x1.x10 ,  x1.x11 ,  x1.x12 ,  x1.x13 ,  x1.x14 ,  x1.x15 ,  x1.x16 ,  x1.x17 ,  x1.x18 ,  x1.x19 ,  x1.x20 ,  x2.x3 ,  x2.x4 ,  x2.x5 ,  x2.x6 ,  x2.x7 ,  x2.x8 ,  x2.x9 ,  x2.x10 ,  x2.x11 ,  x2.x12 ,  x2.x13 ,  x2.x14 ,  x2.x15 ,  x2.x16 ,  x2.x17 ,  x2.x18 ,  x2.x19 ,  x2.x20 ,  x3.x4 ,  x3.x5 ,  x3.x6 ,  x3.x7 ,  x3.x8 ,  x3.x9 ,  x3.x10 ,  x3.x11 ,  x3.x12 ,  x3.x13 ,  x3.x14 ,  x3.x15 ,  x3.x16 ,  x3.x17 ,  x3.x18 ,  x3.x19 ,  x3.x20 ,  x4.x5 ,  x4.x6 ,  x4.x7 ,  x4.x8 ,  x4.x9 ,  x4.x10 ,  x4.x11 ,  x4.x12 ,  x4.x13 ,  x4.x14 ,  x4.x15 ,  x4.x16 ,  x4.x17 ,  x4.x18 ,  x4.x19 ,  x4.x20 ,  x5.x6 ,  x5.x7 ,  x5.x8 ,  x5.x9 ,  x5.x10 ,  x5.x11 ,  x5.x12 ,  x5.x13 ,  x5.x14 ,  x5.x15 ,  x5.x16 ,  x5.x17 ,  x5.x18 ,  x5.x19 ,  x5.x20 ,  x6.x7 ,  x6.x8 ,  x6.x9 ,  x6.x10 ,  x6.x11 ,  x6.x12 ,  x6.x13 ,  x6.x14 ,  x6.x15 ,  x6.x16 ,  x6.x17 ,  x6.x18 ,  x6.x19 ,  x6.x20 ,  x7.x8 ,  x7.x9 ,  x7.x10 ,  x7.x11 ,  x7.x12 ,  x7.x13 ,  x7.x14 ,  x7.x15 ,  x7.x16 ,  x7.x17 ,  x7.x18 ,  x7.x19 ,  x7.x20 ,  x8.x9 ,  x8.x10 ,  x8.x11 ,  x8.x12 ,  x8.x13 ,  x8.x14 ,  x8.x15 ,  x8.x16 ,  x8.x17 ,  x8.x18 ,  x8.x19 ,  x8.x20 ,  x9.x10 ,  x9.x11 ,  x9.x12 ,  x9.x13 ,  x9.x14 ,  x9.x15 ,  x9.x16 ,  x9.x17 ,  x9.x18 ,  x9.x19 ,  x9.x20 ,  x10.x11 ,  x10.x12 ,  x10.x13 ,  x10.x14 ,  x10.x15 ,  x10.x16 ,  x10.x17 ,  x10.x18 ,  x10.x19 ,  x10.x20 ,  x11.x12 ,  x11.x13 ,  x11.x14 ,  x11.x15 ,  x11.x16 ,  x11.x17 ,  x11.x18 ,  x11.x19 ,  x11.x20 ,  x12.x13 ,  x12.x14 ,  x12.x15 ,  x12.x16 ,  x12.x17 ,  x12.x18 ,  x12.x19 ,  x12.x20 ,  x13.x14 ,  x13.x15 ,  x13.x16 ,  x13.x17 ,  x13.x18 ,  x13.x19 ,  x13.x20 ,  x14.x15 ,  x14.x16 ,  x14.x17 ,  x14.x18 ,  x14.x19 ,  x14.x20 ,  x15.x16 ,  x15.x17 ,  x15.x18 ,  x15.x19 ,  x15.x20 ,  x16.x17 ,  x16.x18 ,  x16.x19 ,  x16.x20 ,  x17.x18 ,  x17.x19 ,  x17.x20 ,  x18.x19 ,  x18.x20 ,  x19.x20    / ; 

PARAMETER c0(Vars)
  /  
x1   3.39143212e-01 
x2  -2.83329953e-01 
x3   9.66304373e-01 
x4  -7.06385966e-02 
x5  -9.99847819e-01 
x6  -8.53173930e-01 
x7  -7.30706023e-01 
x8   6.21459470e-01 
x9  -1.35606990e-02 
x10   9.92215109e-01 
x11  -1.94454382e-01 
x12   9.26207421e-01 
x13   1.81860309e-02 
x14   1.85561203e-01 
x15  -8.26704519e-01 
x16  -9.47444171e-01 
x17   6.16606974e-01 
x18   3.06380270e-01 
x19   9.39473940e-01 
x20   5.67090484e-01 
 / 
 
PARAMETER g(QuadCons)
  /  
qc1   1.22790931e+00 
qc2  -3.85709433e+00 
qc3  -7.57448908e-01 
qc4   7.22874497e-01 
qc5  -1.31153800e+00 
 / 
 
TABLE Q0(j,jj)
                x1                 x2                 x3                 x4                 x5                 x6                 x7                 x8                 x9                 x10                 x11                 x12                 x13                 x14                 x15                 x16                 x17                 x18                 x19                 x20                
x1   0.000000000000      4.02552634e-01     -8.24410209e-01      3.77713048e-01     -8.47506646e-01     -3.53683771e-01      6.90817456e-01     -4.27725867e-01     -7.69894999e-01     -2.74691464e-01     -9.74352482e-01      1.59785864e-01      7.94985190e-01     -5.81586642e-01     -3.84947227e-01      1.94649285e-01      1.09534735e-01      4.50466728e-01     -1.52812741e-01      8.99436241e-01    
x2   4.02552634e-01      0.000000000000      7.67115366e-01     -1.42224299e-01     -2.55808670e-01     -5.84824497e-01     -4.74438515e-01     -9.76237269e-01      9.61025937e-01     -4.58163500e-01      6.13828059e-01      1.13639768e-03     -4.31657110e-01      9.29837914e-01     -5.98508541e-01     -4.36693941e-01      2.10104189e-01     -1.49784817e-01      7.46989642e-01      6.71304493e-01    
x3  -8.24410209e-01      7.67115366e-01      0.000000000000      7.95847947e-01      6.42263504e-02      3.22052183e-01     -5.05785217e-01     -4.76177532e-01     -8.26517459e-01     -4.07724501e-01      8.00172090e-01     -6.47639399e-01     -6.42478946e-01     -9.63178851e-01     -2.21048053e-01     -2.50962322e-01     -9.57006610e-01      6.07565017e-01     -1.00984163e-01     -9.75991999e-01    
x4   3.77713048e-01     -1.42224299e-01      7.95847947e-01      0.000000000000      1.24273572e-01     -9.89167440e-01      7.35196184e-01      8.61440785e-01     -5.29382966e-01     -5.71988393e-01      1.28715858e-01     -5.51102775e-01      8.72607663e-01     -3.40706114e-01      7.52359862e-01      4.42365027e-01     -3.00245397e-01     -2.86585901e-01      2.73674891e-01     -7.19495011e-01    
x5  -8.47506646e-01     -2.55808670e-01      6.42263504e-02      1.24273572e-01      0.000000000000      7.96345840e-01      6.89666348e-01      6.53916050e-01      8.06920267e-01     -2.48724304e-01      1.18238423e-01      2.69148379e-01     -9.40548756e-01     -3.04864756e-01     -2.22034644e-02      5.09932921e-01      6.13341120e-01     -8.50162570e-01     -7.81339353e-01     -9.60089477e-01    
x6  -3.53683771e-01     -5.84824497e-01      3.22052183e-01     -9.89167440e-01      7.96345840e-01      0.000000000000      1.87453825e-01      3.13143281e-01     -8.52021344e-01     -2.40140049e-01     -8.23443592e-01      9.08964577e-02      4.29687951e-01     -8.11089867e-01      3.78491122e-01      9.86675883e-01     -9.90770723e-01      7.03461735e-01     -6.93172788e-01     -3.40486064e-01    
x7   6.90817456e-01     -4.74438515e-01     -5.05785217e-01      7.35196184e-01      6.89666348e-01      1.87453825e-01      0.000000000000      6.20038268e-01      4.72454430e-01      1.78210373e-01     -3.53654352e-01     -9.86446718e-01     -1.06282167e-01      1.89055279e-01     -5.87699178e-01      7.91456602e-01      2.88429924e-01     -1.25121032e-01     -1.31780905e-01     -8.37112655e-01    
x8  -4.27725867e-01     -9.76237269e-01     -4.76177532e-01      8.61440785e-01      6.53916050e-01      3.13143281e-01      6.20038268e-01      0.000000000000     -6.17557844e-01     -2.70705370e-01     -4.74616768e-01      8.90696293e-01     -6.71800873e-01     -2.18580547e-01     -4.93230661e-02     -9.90486340e-01     -7.80921102e-02      7.58260206e-01     -8.56249689e-01      3.71475636e-01    
x9  -7.69894999e-01      9.61025937e-01     -8.26517459e-01     -5.29382966e-01      8.06920267e-01     -8.52021344e-01      4.72454430e-01     -6.17557844e-01      0.000000000000      5.15714402e-01     -9.13847847e-01     -7.23501573e-01      6.90086512e-01     -7.07541740e-01      7.90104200e-01      1.08332482e-01      5.98544551e-01     -3.96261726e-01      4.19863698e-01      3.93422417e-01    
x10  -2.74691464e-01     -4.58163500e-01     -4.07724501e-01     -5.71988393e-01     -2.48724304e-01     -2.40140049e-01      1.78210373e-01     -2.70705370e-01      5.15714402e-01      0.000000000000      6.97565729e-02     -2.34961071e-02     -9.48920312e-02      4.89106419e-02      3.62791598e-02      8.03683478e-01      6.20213918e-01      9.88390793e-01      8.50162548e-01     -1.00024674e-01    
x11  -9.74352482e-01      6.13828059e-01      8.00172090e-01      1.28715858e-01      1.18238423e-01     -8.23443592e-01     -3.53654352e-01     -4.74616768e-01     -9.13847847e-01      6.97565729e-02      0.000000000000      3.30730792e-02      5.61002952e-01     -9.87567825e-01      9.20611527e-01     -8.57218544e-01      9.58470211e-01      6.03426427e-01      2.75987412e-02      6.64883638e-01    
x12   1.59785864e-01      1.13639768e-03     -6.47639399e-01     -5.51102775e-01      2.69148379e-01      9.08964577e-02     -9.86446718e-01      8.90696293e-01     -7.23501573e-01     -2.34961071e-02      3.30730792e-02      0.000000000000      2.08132294e-01      3.22762848e-01     -5.89435173e-01      1.40042297e-01     -8.09987347e-02     -1.16695561e-02      6.24967782e-01      9.72565305e-01    
x13   7.94985190e-01     -4.31657110e-01     -6.42478946e-01      8.72607663e-01     -9.40548756e-01      4.29687951e-01     -1.06282167e-01     -6.71800873e-01      6.90086512e-01     -9.48920312e-02      5.61002952e-01      2.08132294e-01      0.000000000000      7.38056658e-01      6.24597209e-01     -7.58362551e-01      7.00578677e-01      3.33417771e-01      3.32628759e-01      9.64241673e-01    
x14  -5.81586642e-01      9.29837914e-01     -9.63178851e-01     -3.40706114e-01     -3.04864756e-01     -8.11089867e-01      1.89055279e-01     -2.18580547e-01     -7.07541740e-01      4.89106419e-02     -9.87567825e-01      3.22762848e-01      7.38056658e-01      0.000000000000     -9.21408125e-01     -5.65467100e-01      5.00050715e-01     -5.48339177e-02      8.66601932e-01      9.84388862e-01    
x15  -3.84947227e-01     -5.98508541e-01     -2.21048053e-01      7.52359862e-01     -2.22034644e-02      3.78491122e-01     -5.87699178e-01     -4.93230661e-02      7.90104200e-01      3.62791598e-02      9.20611527e-01     -5.89435173e-01      6.24597209e-01     -9.21408125e-01      0.000000000000      8.25545349e-01      2.01516328e-01      4.95254430e-01     -1.96749977e-01     -8.81534946e-01    
x16   1.94649285e-01     -4.36693941e-01     -2.50962322e-01      4.42365027e-01      5.09932921e-01      9.86675883e-01      7.91456602e-01     -9.90486340e-01      1.08332482e-01      8.03683478e-01     -8.57218544e-01      1.40042297e-01     -7.58362551e-01     -5.65467100e-01      8.25545349e-01      0.000000000000      9.52686933e-01     -7.99477021e-01     -8.03829988e-01      9.82863206e-01    
x17   1.09534735e-01      2.10104189e-01     -9.57006610e-01     -3.00245397e-01      6.13341120e-01     -9.90770723e-01      2.88429924e-01     -7.80921102e-02      5.98544551e-01      6.20213918e-01      9.58470211e-01     -8.09987347e-02      7.00578677e-01      5.00050715e-01      2.01516328e-01      9.52686933e-01      0.000000000000      8.95110493e-01     -3.40828655e-02     -8.04974665e-01    
x18   4.50466728e-01     -1.49784817e-01      6.07565017e-01     -2.86585901e-01     -8.50162570e-01      7.03461735e-01     -1.25121032e-01      7.58260206e-01     -3.96261726e-01      9.88390793e-01      6.03426427e-01     -1.16695561e-02      3.33417771e-01     -5.48339177e-02      4.95254430e-01     -7.99477021e-01      8.95110493e-01      0.000000000000      8.95446522e-01     -6.51691728e-01    
x19  -1.52812741e-01      7.46989642e-01     -1.00984163e-01      2.73674891e-01     -7.81339353e-01     -6.93172788e-01     -1.31780905e-01     -8.56249689e-01      4.19863698e-01      8.50162548e-01      2.75987412e-02      6.24967782e-01      3.32628759e-01      8.66601932e-01     -1.96749977e-01     -8.03829988e-01     -3.40828655e-02      8.95446522e-01      0.000000000000      7.91149847e-01    
x20   8.99436241e-01      6.71304493e-01     -9.75991999e-01     -7.19495011e-01     -9.60089477e-01     -3.40486064e-01     -8.37112655e-01      3.71475636e-01      3.93422417e-01     -1.00024674e-01      6.64883638e-01      9.72565305e-01      9.64241673e-01      9.84388862e-01     -8.81534946e-01      9.82863206e-01     -8.04974665e-01     -6.51691728e-01      7.91149847e-01      0.000000000000    
 ;

TABLE cmat(QuadCons,jj)
                x1                 x2                 x3                 x4                 x5                 x6                 x7                 x8                 x9                 x10                 x11                 x12                 x13                 x14                 x15                 x16                 x17                 x18                 x19                 x20                
qc1 -6.26210280e-01      7.31349837e-01     -9.53139962e-01      8.65719415e-01      3.44445737e-01      4.99573881e-04      9.88949933e-01     -8.90163764e-03      9.20564533e-02     -4.47765389e-02      3.65944628e-01     -1.52084609e-02     -3.69273098e-01     -4.25338869e-01     -3.31229273e-01      7.29314776e-01      3.80141103e-01     -8.51714324e-01     -7.28759778e-02      4.97182097e-01    
qc2 -9.95660168e-01      7.48581843e-01     -7.82569742e-01      3.68374467e-01     -3.00302908e-01     -7.27306480e-01     -4.77442803e-01     -7.21221244e-01     -8.41187086e-01      7.48822066e-01     -4.85284943e-01     -3.04352558e-01     -6.32365174e-01     -6.15028138e-01      1.06747636e-01     -4.93276682e-01     -9.25303730e-01     -9.57748270e-01     -3.23207238e-01      7.81399129e-01    
qc3 -8.29503488e-01      9.39765870e-01     -5.03460388e-01      1.83399262e-01     -6.66471206e-01     -6.90461587e-01      2.49552663e-01      2.49335186e-01      2.71827094e-01     -1.33146428e-01     -6.60399620e-01     -6.39008182e-01     -7.52885237e-02     -5.54088554e-01      2.57350265e-01      9.42447072e-01     -4.28702994e-01     -1.53900912e-01      1.01069837e-01      2.83384205e-01    
qc4  2.09941856e-01      4.73579918e-01     -3.25105504e-02      5.75123029e-01      2.91099239e-01      3.71738715e-03      7.21872886e-01     -3.69492797e-01     -1.61012865e-01      1.21454362e-02      6.14820036e-01     -6.32027442e-01      5.21875441e-01     -6.75392015e-01      5.40392084e-01     -5.82606873e-01      6.76225743e-01     -9.43428658e-01     -9.78720576e-01     -9.60038784e-01    
qc5 -3.20739395e-02     -3.88885213e-01     -2.69434348e-01      7.49232337e-01     -8.62334243e-01      7.82946229e-01      3.97131394e-01     -2.94925662e-01     -3.30718557e-01      5.25374439e-01      2.37792469e-01      1.35583320e-01      1.47291848e-01     -8.36209968e-01     -9.20377719e-01     -4.51535443e-03      4.76758430e-01      5.51939887e-01     -7.92385248e-01      9.10209410e-03    
 ;

TABLE Q(j,jj,QuadCons)
                      qc1                qc2                qc3                qc4                qc5               
x1.x1    
x1.x2     -9.30946610e-01      5.66936769e-01      6.84701377e-01      6.28573555e-01      4.43794304e-01    
x1.x3      6.22805764e-01      3.97625369e-01     -4.24913524e-01      8.13949947e-01     -3.42626208e-01    
x1.x4     -2.62185912e-01      1.13646306e-01      9.04685232e-01      9.45669291e-01      7.71060457e-01    
x1.x5     -8.53214938e-01     -4.37887225e-02      4.74072733e-01      4.45778300e-02     -9.18724251e-01    
x1.x6      9.33427349e-01      2.95461546e-01     -3.35169299e-01      8.65925683e-01     -7.25623850e-01    
x1.x7      8.90043172e-01      3.39018781e-01     -3.97555648e-01      3.56813941e-01      6.23714055e-01    
x1.x8     -1.76437172e-01      7.47396771e-01      2.95475265e-01      5.76254059e-01     -5.98549960e-01    
x1.x9      9.40539876e-01     -3.63695935e-01     -6.48877061e-02     -8.69443436e-01     -7.96790629e-02    
x1.x10      7.00218845e-01     -5.87901674e-01     -6.71228687e-01     -9.07296348e-01      8.54061704e-01    
x1.x11      8.25337120e-01     -9.85606794e-01      5.69287364e-01     -8.31683809e-01     -4.56109747e-01    
x1.x12      6.80040417e-01     -2.04409532e-01      2.47862753e-01      8.15561951e-01     -1.48899429e-01    
x1.x13     -9.00062394e-01      6.75406312e-01      1.04692354e-01      7.99700031e-01     -9.55947160e-01    
x1.x14     -4.00969293e-01     -4.33677630e-02      9.40148211e-01      5.47627710e-01      3.08890263e-01    
x1.x15     -8.59039588e-01     -2.82956667e-01      4.68439173e-01      9.53451320e-01      4.03018044e-01    
x1.x16     -9.57947315e-01     -3.14093028e-01      3.23660823e-01     -4.47555926e-01     -1.39460253e-01    
x1.x17      1.39248290e-02      2.88713135e-01     -8.75292420e-01      5.70441164e-01      8.54611858e-01    
x1.x18     -6.26629134e-01     -3.30828155e-01      5.21570883e-01     -7.98652877e-01      1.28701124e-02    
x1.x19     -3.72493376e-02      6.85970281e-01      2.91551388e-02     -1.76962399e-01     -7.80200898e-01    
x1.x20     -4.49240535e-02      6.27441361e-01     -3.65089105e-03     -9.25448705e-01     -6.58525284e-01    
x2.x1     -9.30946610e-01      5.66936769e-01      6.84701377e-01      6.28573555e-01      4.43794304e-01      
 x2.x2    
x2.x3      6.02947292e-01     -7.87989405e-01     -8.29036154e-01      3.02836339e-01      2.83575285e-01    
x2.x4      9.17284671e-01     -3.90603933e-01     -5.74202170e-02      1.41495588e-02     -9.87241056e-01    
x2.x5     -6.15670441e-01     -4.92348989e-01     -1.13789473e-01      6.81970869e-02     -6.42415721e-02    
x2.x6      2.31938487e-01      9.88600596e-01     -9.06092563e-01      7.07832713e-01      9.39454059e-01    
x2.x7      9.94716568e-02      4.97380569e-01      4.70254187e-01      5.27635252e-01     -1.24114279e-01    
x2.x8      9.79613253e-01      6.95033108e-01      6.49053646e-01     -5.72344347e-01      5.02143337e-01    
x2.x9     -6.12111749e-01     -2.42255131e-01      6.71398906e-01      2.70261381e-01     -1.80110678e-01    
x2.x10      3.56723672e-01      8.67109149e-02      4.53891493e-01     -3.56658125e-01      8.06705266e-01    
x2.x11      4.56250071e-01     -7.16443971e-01     -3.92620211e-01      1.44229213e-01      3.98529157e-01    
x2.x12      6.32366571e-01      8.39026522e-01     -6.09024791e-01      4.78175017e-02      1.89299186e-01    
x2.x13     -1.21299872e-01      3.57732466e-01      9.89450823e-01     -6.69061859e-01      6.87777335e-01    
x2.x14     -1.08487815e-01     -3.85125200e-01      2.50284934e-01      7.59147857e-03     -7.46205188e-01    
x2.x15     -9.85599552e-01     -8.10672160e-01      4.31232089e-01      1.49590802e-01     -8.81648341e-01    
x2.x16     -1.52079922e-01     -4.11490589e-01      8.69441087e-01     -5.23529910e-01      8.54518774e-01    
x2.x17     -2.50929789e-01     -4.24505144e-01     -5.82432463e-01      3.45135700e-01     -9.97916885e-01    
x2.x18     -2.24722697e-01      6.32716328e-01     -7.13987687e-01      7.70946683e-01      1.17729229e-01    
x2.x19     -3.40382183e-01     -3.70114221e-01     -4.53249941e-01      6.75992156e-02      3.31599300e-01    
x2.x20      6.36482062e-01     -5.33844503e-02      3.84453808e-01      1.71445574e-01     -2.17997874e-01    
x3.x1      6.22805764e-01      3.97625369e-01     -4.24913524e-01      8.13949947e-01     -3.42626208e-01      
 x3.x2      6.02947292e-01     -7.87989405e-01     -8.29036154e-01      3.02836339e-01      2.83575285e-01      
 x3.x3    
x3.x4     -1.08505772e-01     -3.61699685e-01     -5.39159163e-01     -8.84207916e-01      5.57869448e-01    
x3.x5      8.00233372e-01     -4.39136706e-01     -5.35222230e-01     -5.04362385e-01      3.30980166e-01    
x3.x6      4.36856386e-01      8.75475253e-01      6.33654163e-01     -9.79728919e-01     -9.19645583e-01    
x3.x7      9.84467665e-01     -6.19577871e-01      7.80554989e-01     -3.24312319e-01     -1.63067246e-01    
x3.x8     -8.38900837e-01      8.68632240e-01     -7.42030522e-01      9.20840223e-01     -9.83717813e-01    
x3.x9     -8.34055836e-04     -7.76227936e-01     -5.23129614e-01      8.72664314e-01     -3.08517903e-01    
x3.x10     -8.15045024e-01      7.55621690e-02      5.81567100e-01     -8.71230648e-01      2.45428511e-01    
x3.x11      7.78134780e-01      3.53434440e-01      4.20069884e-01      3.19545938e-01     -5.15879505e-01    
x3.x12     -3.43965898e-01     -6.86476659e-01      9.61776867e-01      7.20645528e-01      9.21822105e-01    
x3.x13      5.45312007e-01     -7.82655827e-01     -3.11049374e-01     -5.71912353e-01     -7.04405350e-01    
x3.x14      7.48493397e-01     -4.57162512e-01      3.67447528e-01     -6.35833992e-01     -5.83784551e-01    
x3.x15      1.24460819e-01     -9.16846274e-01     -1.02836477e-01     -1.41089723e-01     -2.64756600e-01    
x3.x16     -3.54147933e-01      9.36057531e-02      9.53232879e-01      4.09051404e-01      2.76312734e-01    
x3.x17     -8.32153420e-02      6.40644979e-01     -8.52018212e-01     -5.81253377e-01     -6.61457475e-01    
x3.x18      6.06259670e-01     -1.03708151e-01     -4.58614762e-01     -6.41017734e-01     -4.57477471e-01    
x3.x19     -6.63021029e-01      8.47771499e-02      5.98726357e-02     -4.73013080e-01      9.05861519e-01    
x3.x20      1.50579257e-01      1.09934875e-01      3.08717389e-02     -9.40567887e-03      9.43178668e-01    
x4.x1     -2.62185912e-01      1.13646306e-01      9.04685232e-01      9.45669291e-01      7.71060457e-01      
 x4.x2      9.17284671e-01     -3.90603933e-01     -5.74202170e-02      1.41495588e-02     -9.87241056e-01      
 x4.x3     -1.08505772e-01     -3.61699685e-01     -5.39159163e-01     -8.84207916e-01      5.57869448e-01      
 x4.x4    
x4.x5     -8.08968477e-01     -8.69483866e-01      4.92876298e-01     -3.76636262e-01     -3.02669964e-01    
x4.x6      1.98673430e-01     -2.59204708e-01     -2.92171037e-01      7.18373973e-01     -8.28125358e-01    
x4.x7      2.01510916e-01     -8.60270950e-01      3.80820538e-01     -7.30413672e-01      8.68455832e-01    
x4.x8     -8.13956233e-01     -9.78469613e-01      6.35471691e-01     -1.30563923e-01     -1.33077887e-01    
x4.x9     -2.60413365e-03      8.04588492e-01     -3.15616044e-01      7.68036662e-01     -4.98165829e-01    
x4.x10     -7.19145636e-01      9.66911430e-01      9.28424027e-01      6.01865489e-01     -9.76940167e-01    
x4.x11     -9.45241998e-01      6.21802103e-01     -1.02179203e-01     -3.70535705e-01     -7.45400841e-01    
x4.x12      3.71172436e-01     -4.02733282e-01     -8.47750359e-01     -4.49561096e-02      5.98413429e-02    
x4.x13      9.47131404e-01     -5.61101294e-01     -8.61932353e-01      6.82833240e-01     -8.21285147e-01    
x4.x14     -5.86134935e-01      3.94857169e-01     -2.21704933e-01      1.75107121e-01     -9.02597899e-01    
x4.x15      3.54426120e-01      1.57021251e-01      8.28945405e-02      8.91504337e-01     -3.24063268e-01    
x4.x16      6.45222683e-01     -3.13771336e-01      4.74635135e-01     -6.96253013e-02     -8.31061627e-01    
x4.x17     -1.02943350e-01      4.52313226e-01      9.34591318e-01     -3.68656514e-01     -2.24120411e-01    
x4.x18     -4.15598444e-01     -5.03026399e-01      6.64707344e-01     -6.47925671e-01     -7.15027122e-01    
x4.x19     -7.43282977e-01     -6.28498943e-01      4.01852172e-01      2.51853015e-01     -4.40830470e-01    
x4.x20      2.49400692e-01     -6.56971712e-01      9.35442769e-01      2.40855213e-01     -5.51869728e-01    
x5.x1     -8.53214938e-01     -4.37887225e-02      4.74072733e-01      4.45778300e-02     -9.18724251e-01      
 x5.x2     -6.15670441e-01     -4.92348989e-01     -1.13789473e-01      6.81970869e-02     -6.42415721e-02      
 x5.x3      8.00233372e-01     -4.39136706e-01     -5.35222230e-01     -5.04362385e-01      3.30980166e-01      
 x5.x4     -8.08968477e-01     -8.69483866e-01      4.92876298e-01     -3.76636262e-01     -3.02669964e-01      
 x5.x5    
x5.x6      1.96026020e-01     -5.06089471e-02      7.82362517e-01     -6.99444294e-01      4.63856580e-01    
x5.x7      5.29578557e-01     -6.43710596e-01     -9.39920135e-01      8.06789713e-01     -2.22698576e-02    
x5.x8      4.42795576e-01     -1.23341933e-01     -7.13719475e-01      1.59754321e-01      9.49423607e-01    
x5.x9     -8.06244192e-01      9.69138035e-01     -2.72212110e-01     -1.45700778e-01     -1.14279575e-01    
x5.x10     -1.03571841e-01     -3.70369743e-01     -2.44889256e-01     -9.89338126e-01      5.12792666e-01    
x5.x11     -3.82443788e-01      3.81967744e-01      5.83484316e-01     -6.65070217e-01     -4.33874283e-01    
x5.x12      2.28120948e-01     -6.38281100e-01      5.40811559e-01      6.34303222e-01     -5.56206817e-01    
x5.x13      5.49537137e-01     -2.82924838e-01     -9.08164983e-01     -6.80902603e-01      4.58475110e-01    
x5.x14      6.87014335e-01      6.38834182e-01      5.28931155e-01     -9.81407972e-01      8.56489486e-01    
x5.x15     -3.69079562e-01     -7.30736411e-01     -4.91084415e-01      8.50197082e-03     -8.50935033e-01    
x5.x16      3.20450212e-01      7.53184234e-01     -2.84246503e-01     -8.34301617e-01     -7.17043782e-01    
x5.x17     -1.62416230e-01     -8.80215450e-01      1.04384719e-01      1.00322800e-01     -3.42335214e-01    
x5.x18      1.90404064e-01     -7.05194931e-01     -3.77099391e-02      1.78583786e-01     -7.71285640e-01    
x5.x19      2.68928860e-01      6.56764192e-01     -4.09800510e-01      5.95942039e-01     -1.53449497e-01    
x5.x20     -9.60837610e-01     -4.27617911e-02      9.81541952e-01      2.58375452e-01     -2.83348748e-01    
x6.x1      9.33427349e-01      2.95461546e-01     -3.35169299e-01      8.65925683e-01     -7.25623850e-01      
 x6.x2      2.31938487e-01      9.88600596e-01     -9.06092563e-01      7.07832713e-01      9.39454059e-01      
 x6.x3      4.36856386e-01      8.75475253e-01      6.33654163e-01     -9.79728919e-01     -9.19645583e-01      
 x6.x4      1.98673430e-01     -2.59204708e-01     -2.92171037e-01      7.18373973e-01     -8.28125358e-01      
 x6.x5      1.96026020e-01     -5.06089471e-02      7.82362517e-01     -6.99444294e-01      4.63856580e-01      
 x6.x6    
x6.x7      7.40241834e-01     -9.40820196e-01     -9.45650568e-01     -4.25134184e-01     -4.14441362e-01    
x6.x8      9.39593868e-01      7.08726089e-01     -7.53073606e-01     -7.54231990e-01      8.82258631e-01    
x6.x9      2.83093766e-01      2.05740984e-01      2.58283559e-01      7.79021741e-01      9.71408981e-01    
x6.x10     -5.92186391e-01      6.95465324e-01      8.03075903e-01      3.05024818e-01      1.18424814e-01    
x6.x11      5.65020924e-01     -4.17945079e-01     -3.84583041e-01      9.03517216e-02      7.89486693e-01    
x6.x12      8.99239426e-02      2.56438741e-01      7.22270141e-01      4.83606086e-01      6.50464995e-01    
x6.x13      8.88902100e-01      4.53107358e-01     -5.25890182e-01     -5.77253592e-01     -8.52522812e-01    
x6.x14     -9.94421757e-01     -1.08459016e-01      5.90768853e-02      3.88155588e-01      1.94954144e-01    
x6.x15     -9.06645226e-01     -2.73915080e-01     -3.60354665e-01     -2.19798583e-01     -4.60236397e-01    
x6.x16     -5.40390080e-01      1.77088452e-01     -3.24496073e-01      7.96235000e-01     -4.99635298e-01    
x6.x17     -3.36278331e-01      8.31505965e-01     -4.85883043e-01      1.41208719e-01     -9.60981347e-02    
x6.x18     -1.37631701e-01      1.39611602e-01     -1.15807342e-01      2.77392587e-01      6.48159596e-02    
x6.x19     -8.75026320e-01     -3.38544522e-01     -5.60653730e-01     -4.87452353e-01     -8.17846512e-01    
x6.x20     -1.57737220e-01      3.86152513e-01      3.13136725e-01      2.88212058e-01      3.67596942e-01    
x7.x1      8.90043172e-01      3.39018781e-01     -3.97555648e-01      3.56813941e-01      6.23714055e-01      
 x7.x2      9.94716568e-02      4.97380569e-01      4.70254187e-01      5.27635252e-01     -1.24114279e-01      
 x7.x3      9.84467665e-01     -6.19577871e-01      7.80554989e-01     -3.24312319e-01     -1.63067246e-01      
 x7.x4      2.01510916e-01     -8.60270950e-01      3.80820538e-01     -7.30413672e-01      8.68455832e-01      
 x7.x5      5.29578557e-01     -6.43710596e-01     -9.39920135e-01      8.06789713e-01     -2.22698576e-02      
 x7.x6      7.40241834e-01     -9.40820196e-01     -9.45650568e-01     -4.25134184e-01     -4.14441362e-01      
 x7.x7    
x7.x8      8.71611235e-01      8.43509174e-01      6.78683257e-01      7.99182779e-01     -8.25455226e-02    
x7.x9     -7.94604342e-01      2.50510654e-01     -3.86289853e-01      7.96736051e-02     -3.88361708e-01    
x7.x10     -3.82321559e-01      1.66524137e-01     -6.36015750e-01     -1.13981471e-01      5.25345967e-02    
x7.x11     -3.97130176e-01      5.46220897e-01     -2.82201449e-01     -5.92362384e-01      8.77358358e-01    
x7.x12      9.76010095e-01     -1.15808078e-02     -8.56520223e-01      9.96655856e-01     -4.24904448e-01    
x7.x13     -9.33218401e-01     -8.93240374e-01     -4.64501886e-02     -5.39701470e-01     -7.27363644e-01    
x7.x14     -7.35871255e-01      7.24532820e-02      4.93164182e-01      9.63751481e-01      5.59778374e-01    
x7.x15      8.90574690e-01     -9.58434876e-01     -5.21898142e-01     -5.65208181e-01     -9.58099372e-01    
x7.x16     -6.12258332e-01      1.67547002e-01     -6.11200756e-01     -6.94717686e-01      8.74340013e-01    
x7.x17      3.67888191e-01      3.29736157e-01      1.89770436e-01      7.09679545e-01      5.90667874e-01    
x7.x18     -1.40945524e-01      6.52913911e-01      1.77834776e-01      4.39761047e-01      4.49473338e-01    
x7.x19     -6.14882105e-01     -3.51477476e-02      6.91967537e-02      1.19634962e-01     -4.55296053e-01    
x7.x20      5.31488061e-01      5.04039672e-01     -7.50230637e-01     -5.94583480e-02     -4.84848949e-01    
x8.x1     -1.76437172e-01      7.47396771e-01      2.95475265e-01      5.76254059e-01     -5.98549960e-01      
 x8.x2      9.79613253e-01      6.95033108e-01      6.49053646e-01     -5.72344347e-01      5.02143337e-01      
 x8.x3     -8.38900837e-01      8.68632240e-01     -7.42030522e-01      9.20840223e-01     -9.83717813e-01      
 x8.x4     -8.13956233e-01     -9.78469613e-01      6.35471691e-01     -1.30563923e-01     -1.33077887e-01      
 x8.x5      4.42795576e-01     -1.23341933e-01     -7.13719475e-01      1.59754321e-01      9.49423607e-01      
 x8.x6      9.39593868e-01      7.08726089e-01     -7.53073606e-01     -7.54231990e-01      8.82258631e-01      
 x8.x7      8.71611235e-01      8.43509174e-01      6.78683257e-01      7.99182779e-01     -8.25455226e-02      
 x8.x8    
x8.x9      6.86397588e-01     -1.03433391e-01     -8.49134796e-01      8.23575826e-01      7.78046600e-01    
x8.x10      8.22559121e-01      9.41650531e-01      2.04758781e-01     -3.39205115e-01      4.41329158e-02    
x8.x11     -3.13175230e-01     -4.78467891e-02     -2.38882675e-01     -2.93848766e-01      9.73263961e-01    
x8.x12      5.60577712e-01     -4.43998407e-01      1.50104269e-02      7.81128659e-02     -4.61649054e-01    
x8.x13     -7.84006659e-02     -2.92166800e-01     -5.66864079e-01      6.89132648e-01      2.29663703e-01    
x8.x14     -7.85184782e-01      3.48446998e-01     -1.55840473e-01      5.70873102e-01      3.19079625e-01    
x8.x15     -2.50059581e-01      1.46447522e-01     -6.40331840e-02      9.66627779e-01     -2.80115855e-01    
x8.x16      4.75614386e-01      8.03880937e-02     -6.21587996e-01     -2.41691740e-01      6.81478937e-02    
x8.x17      8.59843671e-01     -1.07735054e-01     -6.41203782e-01     -7.39794826e-02     -2.94111285e-02    
x8.x18     -5.24288501e-02      7.32565496e-01     -3.22623297e-01     -3.94941454e-01     -8.45910690e-01    
x8.x19      9.84241865e-01     -4.86457687e-01     -8.94834928e-01     -5.58490080e-01      3.83324275e-02    
x8.x20      3.05854680e-01     -3.10152514e-02      1.84499292e-01     -5.08797948e-02      3.50471292e-01    
x9.x1      9.40539876e-01     -3.63695935e-01     -6.48877061e-02     -8.69443436e-01     -7.96790629e-02      
 x9.x2     -6.12111749e-01     -2.42255131e-01      6.71398906e-01      2.70261381e-01     -1.80110678e-01      
 x9.x3     -8.34055836e-04     -7.76227936e-01     -5.23129614e-01      8.72664314e-01     -3.08517903e-01      
 x9.x4     -2.60413365e-03      8.04588492e-01     -3.15616044e-01      7.68036662e-01     -4.98165829e-01      
 x9.x5     -8.06244192e-01      9.69138035e-01     -2.72212110e-01     -1.45700778e-01     -1.14279575e-01      
 x9.x6      2.83093766e-01      2.05740984e-01      2.58283559e-01      7.79021741e-01      9.71408981e-01      
 x9.x7     -7.94604342e-01      2.50510654e-01     -3.86289853e-01      7.96736051e-02     -3.88361708e-01      
 x9.x8      6.86397588e-01     -1.03433391e-01     -8.49134796e-01      8.23575826e-01      7.78046600e-01      
 x9.x9    
x9.x10     -4.89444332e-01      9.22320476e-01      6.04097971e-01     -6.88804996e-01     -6.47934164e-01    
x9.x11      7.73806167e-01     -3.91820727e-01      8.06011258e-01     -8.60843864e-01      1.85810658e-01    
x9.x12     -3.65713348e-01      7.64655006e-01     -5.67763778e-01     -2.54256493e-01     -9.94341484e-01    
x9.x13      6.60274939e-01      5.57379137e-01      2.47457261e-01      3.73334130e-01      8.09601226e-01    
x9.x14      1.84643934e-01     -7.42978425e-01     -6.64455488e-01     -6.17762797e-01      1.81963024e-01    
x9.x15      4.41117819e-01      3.54926493e-01      6.26921212e-01      2.14996598e-01      5.92084563e-01    
x9.x16      8.19701311e-01     -2.32033009e-01      1.03433399e-01      5.97921687e-01      9.83629245e-01    
x9.x17      8.86645579e-02     -5.16913442e-01      5.43841526e-01      5.45226250e-01     -6.89956950e-01    
x9.x18     -6.37711514e-01     -6.91915328e-01      1.11134787e-01     -8.94314601e-01      4.93225242e-01    
x9.x19     -8.40862301e-01      4.75831768e-01      2.04625128e-01     -7.13983475e-02     -9.18596116e-01    
x9.x20      4.81247289e-02     -8.15780684e-01     -8.01283137e-01      5.58588815e-01     -9.06549921e-02    
x10.x1      7.00218845e-01     -5.87901674e-01     -6.71228687e-01     -9.07296348e-01      8.54061704e-01      
 x10.x2      3.56723672e-01      8.67109149e-02      4.53891493e-01     -3.56658125e-01      8.06705266e-01      
 x10.x3     -8.15045024e-01      7.55621690e-02      5.81567100e-01     -8.71230648e-01      2.45428511e-01      
 x10.x4     -7.19145636e-01      9.66911430e-01      9.28424027e-01      6.01865489e-01     -9.76940167e-01      
 x10.x5     -1.03571841e-01     -3.70369743e-01     -2.44889256e-01     -9.89338126e-01      5.12792666e-01      
 x10.x6     -5.92186391e-01      6.95465324e-01      8.03075903e-01      3.05024818e-01      1.18424814e-01      
 x10.x7     -3.82321559e-01      1.66524137e-01     -6.36015750e-01     -1.13981471e-01      5.25345967e-02      
 x10.x8      8.22559121e-01      9.41650531e-01      2.04758781e-01     -3.39205115e-01      4.41329158e-02      
 x10.x9     -4.89444332e-01      9.22320476e-01      6.04097971e-01     -6.88804996e-01     -6.47934164e-01      
 x10.x10    
x10.x11      6.67296472e-03     -1.17434785e-02     -4.86995902e-01      1.88922559e-01      2.90415156e-01    
x10.x12     -9.43230263e-01     -7.80635496e-01     -6.55270684e-02      2.48862506e-01     -7.56832800e-02    
x10.x13      9.47512193e-01      8.40423307e-02      5.34595089e-01     -5.31721083e-01      7.30612952e-01    
x10.x14      3.78672767e-01     -5.96047310e-01     -9.49408836e-01     -6.24416988e-01     -5.08896379e-01    
x10.x15      8.70316072e-01     -9.99566029e-01     -3.94736087e-01      9.56607275e-01      1.37549644e-01    
x10.x16      8.61043894e-01     -8.19553574e-01     -2.16212506e-01      8.42973139e-01      1.18476772e-01    
x10.x17     -9.00310639e-01     -8.06113970e-01      6.52553721e-01      8.01840365e-01     -2.14830837e-01    
x10.x18     -7.60063348e-01     -2.31455886e-01      3.20395265e-01      9.02014862e-01     -8.43063364e-01    
x10.x19     -3.13180552e-01      2.27441548e-03      7.17338415e-01      7.25922948e-01     -2.70957570e-01    
x10.x20     -5.38580382e-01     -5.90353690e-01     -1.55930688e-01      5.58231258e-01      4.21924609e-01    
x11.x1      8.25337120e-01     -9.85606794e-01      5.69287364e-01     -8.31683809e-01     -4.56109747e-01      
 x11.x2      4.56250071e-01     -7.16443971e-01     -3.92620211e-01      1.44229213e-01      3.98529157e-01      
 x11.x3      7.78134780e-01      3.53434440e-01      4.20069884e-01      3.19545938e-01     -5.15879505e-01      
 x11.x4     -9.45241998e-01      6.21802103e-01     -1.02179203e-01     -3.70535705e-01     -7.45400841e-01      
 x11.x5     -3.82443788e-01      3.81967744e-01      5.83484316e-01     -6.65070217e-01     -4.33874283e-01      
 x11.x6      5.65020924e-01     -4.17945079e-01     -3.84583041e-01      9.03517216e-02      7.89486693e-01      
 x11.x7     -3.97130176e-01      5.46220897e-01     -2.82201449e-01     -5.92362384e-01      8.77358358e-01      
 x11.x8     -3.13175230e-01     -4.78467891e-02     -2.38882675e-01     -2.93848766e-01      9.73263961e-01      
 x11.x9      7.73806167e-01     -3.91820727e-01      8.06011258e-01     -8.60843864e-01      1.85810658e-01      
 x11.x10      6.67296472e-03     -1.17434785e-02     -4.86995902e-01      1.88922559e-01      2.90415156e-01      
 x11.x11    
x11.x12     -7.04992884e-01     -4.36411613e-01     -7.54832672e-01      1.99619815e-01      3.43857395e-01    
x11.x13     -4.78697811e-01      2.56324398e-01      6.75159465e-01     -3.51439342e-01      4.35350978e-01    
x11.x14      9.17426580e-01      8.28464603e-01     -9.10289656e-01      4.63404773e-01      8.44630922e-01    
x11.x15      5.40503078e-01      6.95520965e-01      8.23087817e-01      1.60736504e-01     -7.43045607e-01    
x11.x16     -3.37227893e-02     -6.39322747e-01      4.45466784e-01     -4.98228357e-01     -8.04508519e-01    
x11.x17     -7.75403813e-01     -8.82944391e-01     -5.29846728e-01     -5.73059361e-01     -2.07396341e-01    
x11.x18     -6.07360664e-02      2.98430694e-01      6.49241039e-01     -8.98371780e-01     -1.29569263e-01    
x11.x19     -8.65739939e-01      6.41903183e-01     -7.25721707e-01      6.09810661e-01      5.61593058e-01    
x11.x20      6.34875233e-01     -1.34709923e-01     -2.65714917e-01     -2.31017433e-01      7.32767344e-01    
x12.x1      6.80040417e-01     -2.04409532e-01      2.47862753e-01      8.15561951e-01     -1.48899429e-01      
 x12.x2      6.32366571e-01      8.39026522e-01     -6.09024791e-01      4.78175017e-02      1.89299186e-01      
 x12.x3     -3.43965898e-01     -6.86476659e-01      9.61776867e-01      7.20645528e-01      9.21822105e-01      
 x12.x4      3.71172436e-01     -4.02733282e-01     -8.47750359e-01     -4.49561096e-02      5.98413429e-02      
 x12.x5      2.28120948e-01     -6.38281100e-01      5.40811559e-01      6.34303222e-01     -5.56206817e-01      
 x12.x6      8.99239426e-02      2.56438741e-01      7.22270141e-01      4.83606086e-01      6.50464995e-01      
 x12.x7      9.76010095e-01     -1.15808078e-02     -8.56520223e-01      9.96655856e-01     -4.24904448e-01      
 x12.x8      5.60577712e-01     -4.43998407e-01      1.50104269e-02      7.81128659e-02     -4.61649054e-01      
 x12.x9     -3.65713348e-01      7.64655006e-01     -5.67763778e-01     -2.54256493e-01     -9.94341484e-01      
 x12.x10     -9.43230263e-01     -7.80635496e-01     -6.55270684e-02      2.48862506e-01     -7.56832800e-02      
 x12.x11     -7.04992884e-01     -4.36411613e-01     -7.54832672e-01      1.99619815e-01      3.43857395e-01      
 x12.x12    
x12.x13     -7.69253571e-01     -2.50018890e-04     -5.69471593e-01      5.84003736e-02      6.76176739e-01    
x12.x14      6.56086781e-01      9.27020569e-01      1.47201254e-01      1.96287369e-02     -5.53968493e-01    
x12.x15     -5.48569444e-01      4.19536779e-01      2.77760347e-01     -6.44159756e-01      5.58422412e-02    
x12.x16     -5.32607071e-01     -7.83768744e-02      7.03632975e-01     -1.06085911e-01      4.20922086e-01    
x12.x17      4.64853897e-01     -3.64820272e-01      9.89909291e-01     -5.56056908e-01     -6.01391479e-01    
x12.x18     -2.89236043e-01      1.57786567e-03      4.06222157e-01     -1.72317591e-01      7.98082348e-01    
x12.x19      7.22404372e-01     -1.30912476e-01     -5.01485364e-02      8.58065532e-01      8.01375064e-01    
x12.x20     -8.83546774e-01      4.32434618e-01      6.23544163e-01      3.44328659e-01     -7.72538011e-01    
x13.x1     -9.00062394e-01      6.75406312e-01      1.04692354e-01      7.99700031e-01     -9.55947160e-01      
 x13.x2     -1.21299872e-01      3.57732466e-01      9.89450823e-01     -6.69061859e-01      6.87777335e-01      
 x13.x3      5.45312007e-01     -7.82655827e-01     -3.11049374e-01     -5.71912353e-01     -7.04405350e-01      
 x13.x4      9.47131404e-01     -5.61101294e-01     -8.61932353e-01      6.82833240e-01     -8.21285147e-01      
 x13.x5      5.49537137e-01     -2.82924838e-01     -9.08164983e-01     -6.80902603e-01      4.58475110e-01      
