* problem 3
SET Vars   /x1*x25/;
SET QuadCons   /qc1*qc1/;
ALIAS(Vars,j,jj);
 
SET Pairs(Vars,Vars)  / 
x1.x2 ,  x1.x3 ,  x1.x4 ,  x1.x5 ,  x1.x6 ,  x1.x7 ,  x1.x8 ,  x1.x9 ,  x1.x10 ,  x1.x11 ,  x1.x12 ,  x1.x13 ,  x1.x14 ,  x1.x15 ,  x1.x16 ,  x1.x17 ,  x1.x18 ,  x1.x19 ,  x1.x20 ,  x1.x21 ,  x1.x22 ,  x1.x23 ,  x1.x24 ,  x1.x25 ,  x2.x3 ,  x2.x4 ,  x2.x5 ,  x2.x6 ,  x2.x7 ,  x2.x8 ,  x2.x9 ,  x2.x10 ,  x2.x11 ,  x2.x12 ,  x2.x13 ,  x2.x14 ,  x2.x15 ,  x2.x16 ,  x2.x17 ,  x2.x18 ,  x2.x19 ,  x2.x20 ,  x2.x21 ,  x2.x22 ,  x2.x23 ,  x2.x24 ,  x2.x25 ,  x3.x4 ,  x3.x5 ,  x3.x6 ,  x3.x7 ,  x3.x8 ,  x3.x9 ,  x3.x10 ,  x3.x11 ,  x3.x12 ,  x3.x13 ,  x3.x14 ,  x3.x15 ,  x3.x16 ,  x3.x17 ,  x3.x18 ,  x3.x19 ,  x3.x20 ,  x3.x21 ,  x3.x22 ,  x3.x23 ,  x3.x24 ,  x3.x25 ,  x4.x5 ,  x4.x6 ,  x4.x7 ,  x4.x8 ,  x4.x9 ,  x4.x10 ,  x4.x11 ,  x4.x12 ,  x4.x13 ,  x4.x14 ,  x4.x15 ,  x4.x16 ,  x4.x17 ,  x4.x18 ,  x4.x19 ,  x4.x20 ,  x4.x21 ,  x4.x22 ,  x4.x23 ,  x4.x24 ,  x4.x25 ,  x5.x6 ,  x5.x7 ,  x5.x8 ,  x5.x9 ,  x5.x10 ,  x5.x11 ,  x5.x12 ,  x5.x13 ,  x5.x14 ,  x5.x15 ,  x5.x16 ,  x5.x17 ,  x5.x18 ,  x5.x19 ,  x5.x20 ,  x5.x21 ,  x5.x22 ,  x5.x23 ,  x5.x24 ,  x5.x25 ,  x6.x7 ,  x6.x8 ,  x6.x9 ,  x6.x10 ,  x6.x11 ,  x6.x12 ,  x6.x13 ,  x6.x14 ,  x6.x15 ,  x6.x16 ,  x6.x17 ,  x6.x18 ,  x6.x19 ,  x6.x20 ,  x6.x21 ,  x6.x22 ,  x6.x23 ,  x6.x24 ,  x6.x25 ,  x7.x8 ,  x7.x9 ,  x7.x10 ,  x7.x11 ,  x7.x12 ,  x7.x13 ,  x7.x14 ,  x7.x15 ,  x7.x16 ,  x7.x17 ,  x7.x18 ,  x7.x19 ,  x7.x20 ,  x7.x21 ,  x7.x22 ,  x7.x23 ,  x7.x24 ,  x7.x25 ,  x8.x9 ,  x8.x10 ,  x8.x11 ,  x8.x12 ,  x8.x13 ,  x8.x14 ,  x8.x15 ,  x8.x16 ,  x8.x17 ,  x8.x18 ,  x8.x19 ,  x8.x20 ,  x8.x21 ,  x8.x22 ,  x8.x23 ,  x8.x24 ,  x8.x25 ,  x9.x10 ,  x9.x11 ,  x9.x12 ,  x9.x13 ,  x9.x14 ,  x9.x15 ,  x9.x16 ,  x9.x17 ,  x9.x18 ,  x9.x19 ,  x9.x20 ,  x9.x21 ,  x9.x22 ,  x9.x23 ,  x9.x24 ,  x9.x25 ,  x10.x11 ,  x10.x12 ,  x10.x13 ,  x10.x14 ,  x10.x15 ,  x10.x16 ,  x10.x17 ,  x10.x18 ,  x10.x19 ,  x10.x20 ,  x10.x21 ,  x10.x22 ,  x10.x23 ,  x10.x24 ,  x10.x25 ,  x11.x12 ,  x11.x13 ,  x11.x14 ,  x11.x15 ,  x11.x16 ,  x11.x17 ,  x11.x18 ,  x11.x19 ,  x11.x20 ,  x11.x21 ,  x11.x22 ,  x11.x23 ,  x11.x24 ,  x11.x25 ,  x12.x13 ,  x12.x14 ,  x12.x15 ,  x12.x16 ,  x12.x17 ,  x12.x18 ,  x12.x19 ,  x12.x20 ,  x12.x21 ,  x12.x22 ,  x12.x23 ,  x12.x24 ,  x12.x25 ,  x13.x14 ,  x13.x15 ,  x13.x16 ,  x13.x17 ,  x13.x18 ,  x13.x19 ,  x13.x20 ,  x13.x21 ,  x13.x22 ,  x13.x23 ,  x13.x24 ,  x13.x25 ,  x14.x15 ,  x14.x16 ,  x14.x17 ,  x14.x18 ,  x14.x19 ,  x14.x20 ,  x14.x21 ,  x14.x22 ,  x14.x23 ,  x14.x24 ,  x14.x25 ,  x15.x16 ,  x15.x17 ,  x15.x18 ,  x15.x19 ,  x15.x20 ,  x15.x21 ,  x15.x22 ,  x15.x23 ,  x15.x24 ,  x15.x25 ,  x16.x17 ,  x16.x18 ,  x16.x19 ,  x16.x20 ,  x16.x21 ,  x16.x22 ,  x16.x23 ,  x16.x24 ,  x16.x25 ,  x17.x18 ,  x17.x19 ,  x17.x20 ,  x17.x21 ,  x17.x22 ,  x17.x23 ,  x17.x24 ,  x17.x25 ,  x18.x19 ,  x18.x20 ,  x18.x21 ,  x18.x22 ,  x18.x23 ,  x18.x24 ,  x18.x25 ,  x19.x20 ,  x19.x21 ,  x19.x22 ,  x19.x23 ,  x19.x24 ,  x19.x25 ,  x20.x21 ,  x20.x22 ,  x20.x23 ,  x20.x24 ,  x20.x25 ,  x21.x22 ,  x21.x23 ,  x21.x24 ,  x21.x25 ,  x22.x23 ,  x22.x24 ,  x22.x25 ,  x23.x24 ,  x23.x25 ,  x24.x25    / ; 

PARAMETER c0(Vars)
  /  
x1  -4.37887225e-02 
x2   4.74072733e-01 
x3   4.45778300e-02 
x4  -9.18724251e-01 
x5  -3.53683771e-01 
x6   9.33427349e-01 
x7   2.95461546e-01 
x8  -3.35169299e-01 
x9   8.65925683e-01 
x10  -7.25623850e-01 
x11   6.90817456e-01 
x12   8.90043172e-01 
x13   3.39018781e-01 
x14  -3.97555648e-01 
x15   3.56813941e-01 
x16   6.23714055e-01 
x17  -4.27725867e-01 
x18  -1.76437172e-01 
x19   7.47396771e-01 
x20   2.95475265e-01 
x21   5.76254059e-01 
x22  -5.98549960e-01 
x23  -7.69894999e-01 
x24   9.40539876e-01 
x25  -3.63695935e-01 
 / 
 
PARAMETER g(QuadCons)
  /  
qc1  -4.39861240e-01 
 / 
 
TABLE Q0(j,jj)
                x1                 x2                 x3                 x4                 x5                 x6                 x7                 x8                 x9                 x10                 x11                 x12                 x13                 x14                 x15                 x16                 x17                 x18                 x19                 x20                 x21                 x22                 x23                 x24                 x25                
x1   0.000000000000     -6.48877061e-02     -7.96790629e-02      7.00218845e-01     -6.71228687e-01      8.54061704e-01      8.25337120e-01      5.69287364e-01     -4.56109747e-01      6.80040417e-01      2.47862753e-01     -1.48899429e-01     -9.00062394e-01      1.04692354e-01     -9.55947160e-01     -4.00969293e-01      9.40148211e-01      3.08890263e-01     -8.59039588e-01      4.68439173e-01      4.03018044e-01     -9.57947315e-01      3.23660823e-01     -1.39460253e-01      1.39248290e-02    
x2  -6.48877061e-02      0.000000000000     -8.75292420e-01      8.54611858e-01     -6.26629134e-01      5.21570883e-01      1.28701124e-02     -3.72493376e-02      2.91551388e-02     -7.80200898e-01     -4.49240535e-02     -3.65089105e-03     -6.58525284e-01      6.02947292e-01     -8.29036154e-01      2.83575285e-01      9.17284671e-01     -5.74202170e-02     -9.87241056e-01     -6.15670441e-01     -1.13789473e-01     -6.42415721e-02      2.31938487e-01     -9.06092563e-01      9.39454059e-01    
x3  -7.96790629e-02     -8.75292420e-01      0.000000000000      9.94716568e-02      4.70254187e-01     -1.24114279e-01      9.79613253e-01      6.49053646e-01      5.02143337e-01     -6.12111749e-01      6.71398906e-01     -1.80110678e-01      3.56723672e-01      4.53891493e-01      8.06705266e-01      4.56250071e-01     -3.92620211e-01      3.98529157e-01      6.32366571e-01     -6.09024791e-01      1.89299186e-01     -1.21299872e-01      9.89450823e-01      6.87777335e-01     -1.08487815e-01    
x4   7.00218845e-01      8.54611858e-01      9.94716568e-02      0.000000000000      2.50284934e-01     -7.46205188e-01     -9.85599552e-01      4.31232089e-01     -8.81648341e-01     -1.52079922e-01      8.69441087e-01      8.54518774e-01     -2.50929789e-01     -5.82432463e-01     -9.97916885e-01     -2.24722697e-01     -7.13987687e-01      1.17729229e-01     -3.40382183e-01     -4.53249941e-01      3.31599300e-01      6.36482062e-01      3.84453808e-01     -2.17997874e-01     -1.08505772e-01    
x5  -6.71228687e-01     -6.26629134e-01      4.70254187e-01      2.50284934e-01      0.000000000000     -5.39159163e-01      5.57869448e-01      8.00233372e-01     -5.35222230e-01      3.30980166e-01      4.36856386e-01      6.33654163e-01     -9.19645583e-01      9.84467665e-01      7.80554989e-01     -1.63067246e-01     -8.38900837e-01     -7.42030522e-01     -9.83717813e-01     -8.34055836e-04     -5.23129614e-01     -3.08517903e-01     -8.15045024e-01      5.81567100e-01      2.45428511e-01    
x6   8.54061704e-01      5.21570883e-01     -1.24114279e-01     -7.46205188e-01     -5.39159163e-01      0.000000000000      7.78134780e-01      4.20069884e-01     -5.15879505e-01     -3.43965898e-01      9.61776867e-01      9.21822105e-01      5.45312007e-01     -3.11049374e-01     -7.04405350e-01      7.48493397e-01      3.67447528e-01     -5.83784551e-01      1.24460819e-01     -1.02836477e-01     -2.64756600e-01     -3.54147933e-01      9.53232879e-01      2.76312734e-01     -8.32153420e-02    
x7   8.25337120e-01      1.28701124e-02      9.79613253e-01     -9.85599552e-01      5.57869448e-01      7.78134780e-01      0.000000000000     -8.52018212e-01     -6.61457475e-01      6.06259670e-01     -4.58614762e-01     -4.57477471e-01     -6.63021029e-01      5.98726357e-02      9.05861519e-01      1.50579257e-01      3.08717389e-02      9.43178668e-01     -8.08968477e-01      4.92876298e-01     -3.02669964e-01      1.98673430e-01     -2.92171037e-01     -8.28125358e-01      2.01510916e-01    
x8   5.69287364e-01     -3.72493376e-02      6.49053646e-01      4.31232089e-01      8.00233372e-01      4.20069884e-01     -8.52018212e-01      0.000000000000      3.80820538e-01      8.68455832e-01     -8.13956233e-01      6.35471691e-01     -1.33077887e-01     -2.60413365e-03     -3.15616044e-01     -4.98165829e-01     -7.19145636e-01      9.28424027e-01     -9.76940167e-01     -9.45241998e-01     -1.02179203e-01     -7.45400841e-01      3.71172436e-01     -8.47750359e-01      5.98413429e-02    
x9  -4.56109747e-01      2.91551388e-02      5.02143337e-01     -8.81648341e-01     -5.35222230e-01     -5.15879505e-01     -6.61457475e-01      3.80820538e-01      0.000000000000      9.47131404e-01     -8.61932353e-01     -8.21285147e-01     -5.86134935e-01     -2.21704933e-01     -9.02597899e-01      3.54426120e-01      8.28945405e-02     -3.24063268e-01      6.45222683e-01      4.74635135e-01     -8.31061627e-01     -1.02943350e-01      9.34591318e-01     -2.24120411e-01     -4.15598444e-01    
x10   6.80040417e-01     -7.80200898e-01     -6.12111749e-01     -1.52079922e-01      3.30980166e-01     -3.43965898e-01      6.06259670e-01      8.68455832e-01      9.47131404e-01      0.000000000000      6.64707344e-01     -7.15027122e-01     -7.43282977e-01      4.01852172e-01     -4.40830470e-01      2.49400692e-01      9.35442769e-01     -5.51869728e-01      1.96026020e-01      7.82362517e-01      4.63856580e-01      5.29578557e-01     -9.39920135e-01     -2.22698576e-02      4.42795576e-01    
x11   2.47862753e-01     -4.49240535e-02      6.71398906e-01      8.69441087e-01      4.36856386e-01      9.61776867e-01     -4.58614762e-01     -8.13956233e-01     -8.61932353e-01      6.64707344e-01      0.000000000000     -7.13719475e-01      9.49423607e-01     -8.06244192e-01     -2.72212110e-01     -1.14279575e-01     -1.03571841e-01     -2.44889256e-01      5.12792666e-01     -3.82443788e-01      5.83484316e-01     -4.33874283e-01      2.28120948e-01      5.40811559e-01     -5.56206817e-01    
x12  -1.48899429e-01     -3.65089105e-03     -1.80110678e-01      8.54518774e-01      6.33654163e-01      9.21822105e-01     -4.57477471e-01      6.35471691e-01     -8.21285147e-01     -7.15027122e-01     -7.13719475e-01      0.000000000000      5.49537137e-01     -9.08164983e-01      4.58475110e-01      6.87014335e-01      5.28931155e-01      8.56489486e-01     -3.69079562e-01     -4.91084415e-01     -8.50935033e-01      3.20450212e-01     -2.84246503e-01     -7.17043782e-01     -1.62416230e-01    
x13  -9.00062394e-01     -6.58525284e-01      3.56723672e-01     -2.50929789e-01     -9.19645583e-01      5.45312007e-01     -6.63021029e-01     -1.33077887e-01     -5.86134935e-01     -7.43282977e-01      9.49423607e-01      5.49537137e-01      0.000000000000      1.04384719e-01     -3.42335214e-01      1.90404064e-01     -3.77099391e-02     -7.71285640e-01      2.68928860e-01     -4.09800510e-01     -1.53449497e-01     -9.60837610e-01      9.81541952e-01     -2.83348748e-01      7.40241834e-01    
x14   1.04692354e-01      6.02947292e-01      4.53891493e-01     -5.82432463e-01      9.84467665e-01     -3.11049374e-01      5.98726357e-02     -2.60413365e-03     -2.21704933e-01      4.01852172e-01     -8.06244192e-01     -9.08164983e-01      1.04384719e-01      0.000000000000     -9.45650568e-01     -4.14441362e-01      9.39593868e-01     -7.53073606e-01      8.82258631e-01      2.83093766e-01      2.58283559e-01      9.71408981e-01     -5.92186391e-01      8.03075903e-01      1.18424814e-01    
x15  -9.55947160e-01     -8.29036154e-01      8.06705266e-01     -9.97916885e-01      7.80554989e-01     -7.04405350e-01      9.05861519e-01     -3.15616044e-01     -9.02597899e-01     -4.40830470e-01     -2.72212110e-01      4.58475110e-01     -3.42335214e-01     -9.45650568e-01      0.000000000000      5.65020924e-01     -3.84583041e-01      7.89486693e-01      8.99239426e-02      7.22270141e-01      6.50464995e-01      8.88902100e-01     -5.25890182e-01     -8.52522812e-01     -9.94421757e-01    
x16  -4.00969293e-01      2.83575285e-01      4.56250071e-01     -2.24722697e-01     -1.63067246e-01      7.48493397e-01      1.50579257e-01     -4.98165829e-01      3.54426120e-01      2.49400692e-01     -1.14279575e-01      6.87014335e-01      1.90404064e-01     -4.14441362e-01      5.65020924e-01      0.000000000000      5.90768853e-02      1.94954144e-01     -9.06645226e-01     -3.60354665e-01     -4.60236397e-01     -5.40390080e-01     -3.24496073e-01     -4.99635298e-01     -3.36278331e-01    
x17   9.40148211e-01      9.17284671e-01     -3.92620211e-01     -7.13987687e-01     -8.38900837e-01      3.67447528e-01      3.08717389e-02     -7.19145636e-01      8.28945405e-02      9.35442769e-01     -1.03571841e-01      5.28931155e-01     -3.77099391e-02      9.39593868e-01     -3.84583041e-01      5.90768853e-02      0.000000000000     -4.85883043e-01     -9.60981347e-02     -1.37631701e-01     -1.15807342e-01      6.48159596e-02     -8.75026320e-01     -5.60653730e-01     -8.17846512e-01    
x18   3.08890263e-01     -5.74202170e-02      3.98529157e-01      1.17729229e-01     -7.42030522e-01     -5.83784551e-01      9.43178668e-01      9.28424027e-01     -3.24063268e-01     -5.51869728e-01     -2.44889256e-01      8.56489486e-01     -7.71285640e-01     -7.53073606e-01      7.89486693e-01      1.94954144e-01     -4.85883043e-01      0.000000000000     -1.57737220e-01      3.13136725e-01      3.67596942e-01      8.71611235e-01      6.78683257e-01     -8.25455226e-02     -7.94604342e-01    
x19  -8.59039588e-01     -9.87241056e-01      6.32366571e-01     -3.40382183e-01     -9.83717813e-01      1.24460819e-01     -8.08968477e-01     -9.76940167e-01      6.45222683e-01      1.96026020e-01      5.12792666e-01     -3.69079562e-01      2.68928860e-01      8.82258631e-01      8.99239426e-02     -9.06645226e-01     -9.60981347e-02     -1.57737220e-01      0.000000000000     -3.86289853e-01     -3.88361708e-01     -3.82321559e-01     -6.36015750e-01      5.25345967e-02     -3.97130176e-01    
x20   4.68439173e-01     -6.15670441e-01     -6.09024791e-01     -4.53249941e-01     -8.34055836e-04     -1.02836477e-01      4.92876298e-01     -9.45241998e-01      4.74635135e-01      7.82362517e-01     -3.82443788e-01     -4.91084415e-01     -4.09800510e-01      2.83093766e-01      7.22270141e-01     -3.60354665e-01     -1.37631701e-01      3.13136725e-01     -3.86289853e-01      0.000000000000     -2.82201449e-01      8.77358358e-01      9.76010095e-01     -8.56520223e-01     -4.24904448e-01    
x21   4.03018044e-01     -1.13789473e-01      1.89299186e-01      3.31599300e-01     -5.23129614e-01     -2.64756600e-01     -3.02669964e-01     -1.02179203e-01     -8.31061627e-01      4.63856580e-01      5.83484316e-01     -8.50935033e-01     -1.53449497e-01      2.58283559e-01      6.50464995e-01     -4.60236397e-01     -1.15807342e-01      3.67596942e-01     -3.88361708e-01     -2.82201449e-01      0.000000000000     -9.33218401e-01     -4.64501886e-02     -7.27363644e-01     -7.35871255e-01    
x22  -9.57947315e-01     -6.42415721e-02     -1.21299872e-01      6.36482062e-01     -3.08517903e-01     -3.54147933e-01      1.98673430e-01     -7.45400841e-01     -1.02943350e-01      5.29578557e-01     -4.33874283e-01      3.20450212e-01     -9.60837610e-01      9.71408981e-01      8.88902100e-01     -5.40390080e-01      6.48159596e-02      8.71611235e-01     -3.82321559e-01      8.77358358e-01     -9.33218401e-01      0.000000000000      4.93164182e-01      5.59778374e-01      8.90574690e-01    
x23   3.23660823e-01      2.31938487e-01      9.89450823e-01      3.84453808e-01     -8.15045024e-01      9.53232879e-01     -2.92171037e-01      3.71172436e-01      9.34591318e-01     -9.39920135e-01      2.28120948e-01     -2.84246503e-01      9.81541952e-01     -5.92186391e-01     -5.25890182e-01     -3.24496073e-01     -8.75026320e-01      6.78683257e-01     -6.36015750e-01      9.76010095e-01     -4.64501886e-02      4.93164182e-01      0.000000000000     -5.21898142e-01     -9.58099372e-01    
x24  -1.39460253e-01     -9.06092563e-01      6.87777335e-01     -2.17997874e-01      5.81567100e-01      2.76312734e-01     -8.28125358e-01     -8.47750359e-01     -2.24120411e-01     -2.22698576e-02      5.40811559e-01     -7.17043782e-01     -2.83348748e-01      8.03075903e-01     -8.52522812e-01     -4.99635298e-01     -5.60653730e-01     -8.25455226e-02      5.25345967e-02     -8.56520223e-01     -7.27363644e-01      5.59778374e-01     -5.21898142e-01      0.000000000000     -6.12258332e-01    
x25   1.39248290e-02      9.39454059e-01     -1.08487815e-01     -1.08505772e-01      2.45428511e-01     -8.32153420e-02      2.01510916e-01      5.98413429e-02     -4.15598444e-01      4.42795576e-01     -5.56206817e-01     -1.62416230e-01      7.40241834e-01      1.18424814e-01     -9.94421757e-01     -3.36278331e-01     -8.17846512e-01     -7.94604342e-01     -3.97130176e-01     -4.24904448e-01     -7.35871255e-01      8.90574690e-01     -9.58099372e-01     -6.12258332e-01      0.000000000000    
 ;

TABLE cmat(QuadCons,jj)
                x1                 x2                 x3                 x4                 x5                 x6                 x7                 x8                 x9                 x10                 x11                 x12                 x13                 x14                 x15                 x16                 x17                 x18                 x19                 x20                 x21                 x22                 x23                 x24                 x25                
qc1 -6.11200756e-01     -6.94717686e-01      8.74340013e-01      2.88429924e-01      3.67888191e-01      3.29736157e-01      1.89770436e-01      7.09679545e-01      5.90667874e-01     -1.25121032e-01     -1.40945524e-01      6.52913911e-01      1.77834776e-01      4.39761047e-01      4.49473338e-01     -1.31780905e-01     -6.14882105e-01     -3.51477476e-02      6.91967537e-02      1.19634962e-01     -4.55296053e-01     -8.37112655e-01      5.31488061e-01      5.04039672e-01     -7.50230637e-01    
 ;

TABLE Q(j,jj,QuadCons)
                      qc1               
x1.x1    
x1.x2     -8.69443436e-01    
x1.x3     -2.74691464e-01    
x1.x4     -5.87901674e-01    
x1.x5     -9.07296348e-01    
x1.x6     -9.74352482e-01    
x1.x7     -9.85606794e-01    
x1.x8     -8.31683809e-01    
x1.x9      1.59785864e-01    
x1.x10     -2.04409532e-01    
x1.x11      8.15561951e-01    
x1.x12      7.94985190e-01    
x1.x13      6.75406312e-01    
x1.x14      7.99700031e-01    
x1.x15     -5.81586642e-01    
x1.x16     -4.33677630e-02    
x1.x17      5.47627710e-01    
x1.x18     -3.84947227e-01    
x1.x19     -2.82956667e-01    
x1.x20      9.53451320e-01    
x1.x21      1.94649285e-01    
x1.x22     -3.14093028e-01    
x1.x23     -4.47555926e-01    
x1.x24      1.09534735e-01    
x1.x25      2.88713135e-01    
x2.x1     -8.69443436e-01      
 x2.x2    
x2.x3      5.70441164e-01    
x2.x4      4.50466728e-01    
x2.x5     -3.30828155e-01    
x2.x6     -7.98652877e-01    
x2.x7     -1.52812741e-01    
x2.x8      6.85970281e-01    
x2.x9     -1.76962399e-01    
x2.x10      8.99436241e-01    
x2.x11      6.27441361e-01    
x2.x12     -9.25448705e-01    
x2.x13      7.67115366e-01    
x2.x14     -7.87989405e-01    
x2.x15      3.02836339e-01    
x2.x16     -1.42224299e-01    
x2.x17     -3.90603933e-01    
x2.x18      1.41495588e-02    
x2.x19     -2.55808670e-01    
x2.x20     -4.92348989e-01    
x2.x21      6.81970869e-02    
x2.x22     -5.84824497e-01    
x2.x23      9.88600596e-01    
x2.x24      7.07832713e-01    
x2.x25     -4.74438515e-01    
x3.x1     -2.74691464e-01      
 x3.x2      5.70441164e-01      
 x3.x3    
x3.x4      4.97380569e-01    
x3.x5      5.27635252e-01    
x3.x6     -9.76237269e-01    
x3.x7      6.95033108e-01    
x3.x8     -5.72344347e-01    
x3.x9      9.61025937e-01    
x3.x10     -2.42255131e-01    
x3.x11      2.70261381e-01    
x3.x12     -4.58163500e-01    
x3.x13      8.67109149e-02    
x3.x14     -3.56658125e-01    
x3.x15      6.13828059e-01    
x3.x16     -7.16443971e-01    
x3.x17      1.44229213e-01    
x3.x18      1.13639768e-03    
x3.x19      8.39026522e-01    
x3.x20      4.78175017e-02    
x3.x21     -4.31657110e-01    
x3.x22      3.57732466e-01    
x3.x23     -6.69061859e-01    
x3.x24      9.29837914e-01    
x3.x25     -3.85125200e-01    
x4.x1     -5.87901674e-01      
 x4.x2      4.50466728e-01      
 x4.x3      4.97380569e-01      
 x4.x4    
x4.x5      7.59147857e-03    
x4.x6     -5.98508541e-01    
x4.x7     -8.10672160e-01    
x4.x8      1.49590802e-01    
x4.x9     -4.36693941e-01    
x4.x10     -4.11490589e-01    
x4.x11     -5.23529910e-01    
x4.x12      2.10104189e-01    
x4.x13     -4.24505144e-01    
x4.x14      3.45135700e-01    
x4.x15     -1.49784817e-01    
x4.x16      6.32716328e-01    
x4.x17      7.70946683e-01    
x4.x18      7.46989642e-01    
x4.x19     -3.70114221e-01    
x4.x20      6.75992156e-02    
x4.x21      6.71304493e-01    
x4.x22     -5.33844503e-02    
x4.x23      1.71445574e-01    
x4.x24      7.95847947e-01    
x4.x25     -3.61699685e-01    
x5.x1     -9.07296348e-01      
 x5.x2     -3.30828155e-01      
 x5.x3      5.27635252e-01      
 x5.x4      7.59147857e-03      
 x5.x5    
x5.x6     -8.84207916e-01    
x5.x7      6.42263504e-02    
x5.x8     -4.39136706e-01    
x5.x9     -5.04362385e-01    
x5.x10      3.22052183e-01    
x5.x11      8.75475253e-01    
x5.x12     -9.79728919e-01    
x5.x13     -5.05785217e-01    
x5.x14     -6.19577871e-01    
x5.x15     -3.24312319e-01    
x5.x16     -4.76177532e-01    
x5.x17      8.68632240e-01    
x5.x18      9.20840223e-01    
x5.x19     -8.26517459e-01    
x5.x20     -7.76227936e-01    
x5.x21      8.72664314e-01    
x5.x22     -4.07724501e-01    
x5.x23      7.55621690e-02    
x5.x24     -8.71230648e-01    
x5.x25      8.00172090e-01    
x6.x1     -9.74352482e-01      
 x6.x2     -7.98652877e-01      
 x6.x3     -9.76237269e-01      
 x6.x4     -5.98508541e-01      
 x6.x5     -8.84207916e-01      
 x6.x6    
x6.x7      3.53434440e-01    
x6.x8      3.19545938e-01    
x6.x9     -6.47639399e-01    
x6.x10     -6.86476659e-01    
x6.x11      7.20645528e-01    
x6.x12     -6.42478946e-01    
x6.x13     -7.82655827e-01    
x6.x14     -5.71912353e-01    
x6.x15     -9.63178851e-01    
x6.x16     -4.57162512e-01    
x6.x17     -6.35833992e-01    
x6.x18     -2.21048053e-01    
x6.x19     -9.16846274e-01    
x6.x20     -1.41089723e-01    
x6.x21     -2.50962322e-01    
x6.x22      9.36057531e-02    
x6.x23      4.09051404e-01    
x6.x24     -9.57006610e-01    
x6.x25      6.40644979e-01    
x7.x1     -9.85606794e-01      
 x7.x2     -1.52812741e-01      
 x7.x3      6.95033108e-01      
 x7.x4     -8.10672160e-01      
 x7.x5      6.42263504e-02      
 x7.x6      3.53434440e-01      
 x7.x7    
x7.x8     -5.81253377e-01    
x7.x9      6.07565017e-01    
x7.x10     -1.03708151e-01    
x7.x11     -6.41017734e-01    
x7.x12     -1.00984163e-01    
x7.x13      8.47771499e-02    
x7.x14     -4.73013080e-01    
x7.x15     -9.75991999e-01    
x7.x16      1.09934875e-01    
x7.x17     -9.40567887e-03    
x7.x18      1.24273572e-01    
x7.x19     -8.69483866e-01    
x7.x20     -3.76636262e-01    
x7.x21     -9.89167440e-01    
x7.x22     -2.59204708e-01    
x7.x23      7.18373973e-01    
x7.x24      7.35196184e-01    
x7.x25     -8.60270950e-01    
x8.x1     -8.31683809e-01      
 x8.x2      6.85970281e-01      
 x8.x3     -5.72344347e-01      
 x8.x4      1.49590802e-01      
 x8.x5     -4.39136706e-01      
 x8.x6      3.19545938e-01      
 x8.x7     -5.81253377e-01      
 x8.x8    
x8.x9     -7.30413672e-01    
x8.x10      8.61440785e-01    
x8.x11     -9.78469613e-01    
x8.x12     -1.30563923e-01    
x8.x13     -5.29382966e-01    
x8.x14      8.04588492e-01    
x8.x15      7.68036662e-01    
x8.x16     -5.71988393e-01    
x8.x17      9.66911430e-01    
x8.x18      6.01865489e-01    
x8.x19      1.28715858e-01    
x8.x20      6.21802103e-01    
x8.x21     -3.70535705e-01    
x8.x22     -5.51102775e-01    
x8.x23     -4.02733282e-01    
x8.x24     -4.49561096e-02    
x8.x25      8.72607663e-01    
x9.x1      1.59785864e-01      
 x9.x2     -1.76962399e-01      
 x9.x3      9.61025937e-01      
 x9.x4     -4.36693941e-01      
 x9.x5     -5.04362385e-01      
 x9.x6     -6.47639399e-01      
 x9.x7      6.07565017e-01      
 x9.x8     -7.30413672e-01      
 x9.x9    
x9.x10     -5.61101294e-01    
x9.x11      6.82833240e-01    
x9.x12     -3.40706114e-01    
x9.x13      3.94857169e-01    
x9.x14      1.75107121e-01    
x9.x15      7.52359862e-01    
x9.x16      1.57021251e-01    
x9.x17      8.91504337e-01    
x9.x18      4.42365027e-01    
x9.x19     -3.13771336e-01    
x9.x20     -6.96253013e-02    
x9.x21     -3.00245397e-01    
x9.x22      4.52313226e-01    
x9.x23     -3.68656514e-01    
x9.x24     -2.86585901e-01    
x9.x25     -5.03026399e-01    
x10.x1     -2.04409532e-01      
 x10.x2      8.99436241e-01      
 x10.x3     -2.42255131e-01      
 x10.x4     -4.11490589e-01      
 x10.x5      3.22052183e-01      
 x10.x6     -6.86476659e-01      
 x10.x7     -1.03708151e-01      
 x10.x8      8.61440785e-01      
 x10.x9     -5.61101294e-01      
 x10.x10    
x10.x11     -6.47925671e-01    
x10.x12      2.73674891e-01    
x10.x13     -6.28498943e-01    
x10.x14      2.51853015e-01    
x10.x15     -7.19495011e-01    
x10.x16     -6.56971712e-01    
x10.x17      2.40855213e-01    
x10.x18      7.96345840e-01    
x10.x19     -5.06089471e-02    
x10.x20     -6.99444294e-01    
x10.x21      6.89666348e-01    
x10.x22     -6.43710596e-01    
x10.x23      8.06789713e-01    
x10.x24      6.53916050e-01    
x10.x25     -1.23341933e-01    
x11.x1      8.15561951e-01      
 x11.x2      6.27441361e-01      
 x11.x3      2.70261381e-01      
 x11.x4     -5.23529910e-01      
 x11.x5      8.75475253e-01      
 x11.x6      7.20645528e-01      
 x11.x7     -6.41017734e-01      
 x11.x8     -9.78469613e-01      
 x11.x9      6.82833240e-01      
 x11.x10     -6.47925671e-01      
 x11.x11    
x11.x12      1.59754321e-01    
x11.x13      8.06920267e-01    
x11.x14      9.69138035e-01    
x11.x15     -1.45700778e-01    
x11.x16     -2.48724304e-01    
x11.x17     -3.70369743e-01    
x11.x18     -9.89338126e-01    
x11.x19      1.18238423e-01    
x11.x20      3.81967744e-01    
x11.x21     -6.65070217e-01    
x11.x22      2.69148379e-01    
x11.x23     -6.38281100e-01    
x11.x24      6.34303222e-01    
x11.x25     -9.40548756e-01    
x12.x1      7.94985190e-01      
 x12.x2     -9.25448705e-01      
 x12.x3     -4.58163500e-01      
 x12.x4      2.10104189e-01      
 x12.x5     -9.79728919e-01      
 x12.x6     -6.42478946e-01      
 x12.x7     -1.00984163e-01      
 x12.x8     -1.30563923e-01      
 x12.x9     -3.40706114e-01      
 x12.x10      2.73674891e-01      
 x12.x11      1.59754321e-01      
 x12.x12    
x12.x13     -2.82924838e-01    
x12.x14     -6.80902603e-01    
x12.x15     -3.04864756e-01    
x12.x16      6.38834182e-01    
x12.x17     -9.81407972e-01    
x12.x18     -2.22034644e-02    
x12.x19     -7.30736411e-01    
x12.x20      8.50197082e-03    
x12.x21      5.09932921e-01    
x12.x22      7.53184234e-01    
x12.x23     -8.34301617e-01    
x12.x24      6.13341120e-01    
x12.x25     -8.80215450e-01    
x13.x1      6.75406312e-01      
 x13.x2      7.67115366e-01      
 x13.x3      8.67109149e-02      
 x13.x4     -4.24505144e-01      
 x13.x5     -5.05785217e-01      
 x13.x6     -7.82655827e-01      
 x13.x7      8.47771499e-02      
 x13.x8     -5.29382966e-01      
 x13.x9      3.94857169e-01      
 x13.x10     -6.28498943e-01      
 x13.x11      8.06920267e-01      
 x13.x12     -2.82924838e-01      
 x13.x13    
x13.x14      1.00322800e-01    
x13.x15     -8.50162570e-01    
x13.x16     -7.05194931e-01    
x13.x17      1.78583786e-01    
x13.x18     -7.81339353e-01    
x13.x19      6.56764192e-01    
x13.x20      5.95942039e-01    
x13.x21     -9.60089477e-01    
x13.x22     -4.27617911e-02    
x13.x23      2.58375452e-01    
x13.x24      1.87453825e-01    
x13.x25     -9.40820196e-01    
x14.x1      7.99700031e-01      
 x14.x2     -7.87989405e-01      
 x14.x3     -3.56658125e-01      
 x14.x4      3.45135700e-01      
 x14.x5     -6.19577871e-01      
 x14.x6     -5.71912353e-01      
 x14.x7     -4.73013080e-01      
 x14.x8      8.04588492e-01      
 x14.x9      1.75107121e-01      
 x14.x10      2.51853015e-01      
 x14.x11      9.69138035e-01      
 x14.x12     -6.80902603e-01      
 x14.x13      1.00322800e-01      
 x14.x14    
x14.x15     -4.25134184e-01    
x14.x16      3.13143281e-01    
x14.x17      7.08726089e-01    
x14.x18     -7.54231990e-01    
x14.x19     -8.52021344e-01    
x14.x20      2.05740984e-01    
x14.x21      7.79021741e-01    
x14.x22     -2.40140049e-01    
x14.x23      6.95465324e-01    
x14.x24      3.05024818e-01    
x14.x25     -8.23443592e-01    
x15.x1     -5.81586642e-01      
 x15.x2      3.02836339e-01      
 x15.x3      6.13828059e-01      
 x15.x4     -1.49784817e-01      
 x15.x5     -3.24312319e-01      
 x15.x6     -9.63178851e-01      
 x15.x7     -9.75991999e-01      
 x15.x8      7.68036662e-01      
 x15.x9      7.52359862e-01      
 x15.x10     -7.19495011e-01      
 x15.x11     -1.45700778e-01      
 x15.x12     -3.04864756e-01      
 x15.x13     -8.50162570e-01      
 x15.x14     -4.25134184e-01      
 x15.x15    
x15.x16     -4.17945079e-01    
x15.x17      9.03517216e-02    
x15.x18      9.08964577e-02    
x15.x19      2.56438741e-01    
x15.x20      4.83606086e-01    
x15.x21      4.29687951e-01    
x15.x22      4.53107358e-01    
x15.x23     -5.77253592e-01    
x15.x24     -8.11089867e-01    
x15.x25     -1.08459016e-01    
x16.x1     -4.33677630e-02      
 x16.x2     -1.42224299e-01      
 x16.x3     -7.16443971e-01      
 x16.x4      6.32716328e-01      
 x16.x5     -4.76177532e-01      
 x16.x6     -4.57162512e-01      
 x16.x7      1.09934875e-01      
 x16.x8     -5.71988393e-01      
 x16.x9      1.57021251e-01      
 x16.x10     -6.56971712e-01      
 x16.x11     -2.48724304e-01      
 x16.x12      6.38834182e-01      
 x16.x13     -7.05194931e-01      
 x16.x14      3.13143281e-01      
 x16.x15     -4.17945079e-01      
 x16.x16    
x16.x17      3.88155588e-01    
x16.x18      3.78491122e-01    
x16.x19     -2.73915080e-01    
x16.x20     -2.19798583e-01    
x16.x21      9.86675883e-01    
x16.x22      1.77088452e-01    
x16.x23      7.96235000e-01    
x16.x24     -9.90770723e-01    
x16.x25      8.31505965e-01    
x17.x1      5.47627710e-01      
 x17.x2     -3.90603933e-01      
 x17.x3      1.44229213e-01      
 x17.x4      7.70946683e-01      
 x17.x5      8.68632240e-01      
 x17.x6     -6.35833992e-01      
 x17.x7     -9.40567887e-03      
 x17.x8      9.66911430e-01      
 x17.x9      8.91504337e-01      
 x17.x10      2.40855213e-01      
 x17.x11     -3.70369743e-01      
 x17.x12     -9.81407972e-01      
 x17.x13      1.78583786e-01      
 x17.x14      7.08726089e-01      
 x17.x15      9.03517216e-02      
 x17.x16      3.88155588e-01      
 x17.x17    
x17.x18      1.41208719e-01    
x17.x19      7.03461735e-01    
x17.x20      1.39611602e-01    
x17.x21      2.77392587e-01    
x17.x22     -6.93172788e-01    
x17.x23     -3.38544522e-01    
x17.x24     -4.87452353e-01    
x17.x25     -3.40486064e-01    
x18.x1     -3.84947227e-01      
 x18.x2      1.41495588e-02      
 x18.x3      1.13639768e-03      
 x18.x4      7.46989642e-01      
 x18.x5      9.20840223e-01      
 x18.x6     -2.21048053e-01      
 x18.x7      1.24273572e-01      
 x18.x8      6.01865489e-01      
 x18.x9      4.42365027e-01      
 x18.x10      7.96345840e-01      
 x18.x11     -9.89338126e-01      
 x18.x12     -2.22034644e-02      
 x18.x13     -7.81339353e-01      
 x18.x14     -7.54231990e-01      
 x18.x15      9.08964577e-02      
 x18.x16      3.78491122e-01      
 x18.x17      1.41208719e-01      
 x18.x18    
x18.x19      3.86152513e-01    
x18.x20      2.88212058e-01    
x18.x21      6.20038268e-01    
x18.x22      8.43509174e-01    
x18.x23      7.99182779e-01    
x18.x24      4.72454430e-01    
x18.x25      2.50510654e-01    
x19.x1     -2.82956667e-01      
 x19.x2     -2.55808670e-01      
 x19.x3      8.39026522e-01      
 x19.x4     -3.70114221e-01      
 x19.x5     -8.26517459e-01      
 x19.x6     -9.16846274e-01      
 x19.x7     -8.69483866e-01      
 x19.x8      1.28715858e-01      
 x19.x9     -3.13771336e-01      
 x19.x10     -5.06089471e-02      
 x19.x11      1.18238423e-01      
 x19.x12     -7.30736411e-01      
 x19.x13      6.56764192e-01      
 x19.x14     -8.52021344e-01      
 x19.x15      2.56438741e-01      
 x19.x16     -2.73915080e-01      
 x19.x17      7.03461735e-01      
 x19.x18      3.86152513e-01      
 x19.x19    
x19.x20      7.96736051e-02    
x19.x21      1.78210373e-01    
x19.x22      1.66524137e-01    
x19.x23     -1.13981471e-01    
x19.x24     -3.53654352e-01    
x19.x25      5.46220897e-01    
x20.x1      9.53451320e-01      
 x20.x2     -4.92348989e-01      
 x20.x3      4.78175017e-02      
 x20.x4      6.75992156e-02      
 x20.x5     -7.76227936e-01      
 x20.x6     -1.41089723e-01      
 x20.x7     -3.76636262e-01      
 x20.x8      6.21802103e-01      
 x20.x9     -6.96253013e-02      
 x20.x10     -6.99444294e-01      
 x20.x11      3.81967744e-01      
 x20.x12      8.50197082e-03      
 x20.x13      5.95942039e-01      
 x20.x14      2.05740984e-01      
 x20.x15      4.83606086e-01      
 x20.x16     -2.19798583e-01      
 x20.x17      1.39611602e-01      
 x20.x18      2.88212058e-01      
 x20.x19      7.96736051e-02      
 x20.x20    
x20.x21     -5.92362384e-01    
x20.x22     -9.86446718e-01    
x20.x23     -1.15808078e-02    
x20.x24      9.96655856e-01    
x20.x25     -1.06282167e-01    
x21.x1      1.94649285e-01      
 x21.x2      6.81970869e-02      
 x21.x3     -4.31657110e-01      
 x21.x4      6.71304493e-01      
 x21.x5      8.72664314e-01      
 x21.x6     -2.50962322e-01      
 x21.x7     -9.89167440e-01      
 x21.x8     -3.70535705e-01      
 x21.x9     -3.00245397e-01      
 x21.x10      6.89666348e-01      
 x21.x11     -6.65070217e-01      
 x21.x12      5.09932921e-01      
 x21.x13     -9.60089477e-01      
 x21.x14      7.79021741e-01      
 x21.x15      4.29687951e-01      
 x21.x16      9.86675883e-01      
 x21.x17      2.77392587e-01      
 x21.x18      6.20038268e-01      
 x21.x19      1.78210373e-01      
 x21.x20     -5.92362384e-01      
 x21.x21    
x21.x22     -8.93240374e-01    
x21.x23     -5.39701470e-01    
x21.x24      1.89055279e-01    
x21.x25      7.24532820e-02    
x22.x1     -3.14093028e-01      
 x22.x2     -5.84824497e-01      
 x22.x3      3.57732466e-01      
 x22.x4     -5.33844503e-02      
 x22.x5     -4.07724501e-01      
 x22.x6      9.36057531e-02      
 x22.x7     -2.59204708e-01      
 x22.x8     -5.51102775e-01      
 x22.x9      4.52313226e-01      
 x22.x10     -6.43710596e-01      
 x22.x11      2.69148379e-01      
 x22.x12      7.53184234e-01      
 x22.x13     -4.27617911e-02      
 x22.x14     -2.40140049e-01      
 x22.x15      4.53107358e-01      
 x22.x16      1.77088452e-01      
 x22.x17     -6.93172788e-01      
 x22.x18      8.43509174e-01      
 x22.x19      1.66524137e-01      
 x22.x20     -9.86446718e-01      
 x22.x21     -8.93240374e-01      
 x22.x22    
x22.x23      9.63751481e-01    
x22.x24     -5.87699178e-01    
x22.x25     -9.58434876e-01    
x23.x1     -4.47555926e-01      
 x23.x2      9.88600596e-01      
 x23.x3     -6.69061859e-01      
 x23.x4      1.71445574e-01      
 x23.x5      7.55621690e-02      
 x23.x6      4.09051404e-01      
 x23.x7      7.18373973e-01      
 x23.x8     -4.02733282e-01      
 x23.x9     -3.68656514e-01      
 x23.x10      8.06789713e-01      
 x23.x11     -6.38281100e-01      
 x23.x12     -8.34301617e-01      
 x23.x13      2.58375452e-01      
 x23.x14      6.95465324e-01      
 x23.x15     -5.77253592e-01      
 x23.x16      7.96235000e-01      
 x23.x17     -3.38544522e-01      
 x23.x18      7.99182779e-01      
 x23.x19     -1.13981471e-01      
 x23.x20     -1.15808078e-02      
 x23.x21     -5.39701470e-01      
 x23.x22      9.63751481e-01      
 x23.x23    
x23.x24     -5.65208181e-01    
x23.x25      7.91456602e-01    
x24.x1      1.09534735e-01      
 x24.x2      7.07832713e-01      
 x24.x3      9.29837914e-01      
 x24.x4      7.95847947e-01      
 x24.x5     -8.71230648e-01      
 x24.x6     -9.57006610e-01      
 x24.x7      7.35196184e-01      
 x24.x8     -4.49561096e-02      
 x24.x9     -2.86585901e-01      
 x24.x10      6.53916050e-01      
 x24.x11      6.34303222e-01      
 x24.x12      6.13341120e-01      
 x24.x13      1.87453825e-01      
 x24.x14      3.05024818e-01      
 x24.x15     -8.11089867e-01      
 x24.x16     -9.90770723e-01      
 x24.x17     -4.87452353e-01      
 x24.x18      4.72454430e-01      
 x24.x19     -3.53654352e-01      
 x24.x20      9.96655856e-01      
 x24.x21      1.89055279e-01      
 x24.x22     -5.87699178e-01      
 x24.x23     -5.65208181e-01      
 x24.x24    
x24.x25      1.67547002e-01    
x25.x1      2.88713135e-01      
 x25.x2     -4.74438515e-01      
 x25.x3     -3.85125200e-01      
 x25.x4     -3.61699685e-01      
 x25.x5      8.00172090e-01      
 x25.x6      6.40644979e-01      
 x25.x7     -8.60270950e-01      
 x25.x8      8.72607663e-01      
 x25.x9     -5.03026399e-01      
 x25.x10     -1.23341933e-01      
 x25.x11     -9.40548756e-01      
 x25.x12     -8.80215450e-01      
 x25.x13     -9.40820196e-01      
 x25.x14     -8.23443592e-01      
 x25.x15     -1.08459016e-01      
 x25.x16      8.31505965e-01      
 x25.x17     -3.40486064e-01      
 x25.x18      2.50510654e-01      
 x25.x19      5.46220897e-01      
 x25.x20     -1.06282167e-01      
 x25.x21      7.24532820e-02      
 x25.x22     -9.58434876e-01      
 x25.x23      7.91456602e-01      
 x25.x24      1.67547002e-01      
 x25.x25    
 ;

SET mccSet(Vars,Vars)  pairs with large diff for mcc relaxation  / 
x1.x2 
  x1.x3 
  x1.x4 
  x1.x5 
  x1.x6 
  x1.x7 
  x1.x8 
  x1.x9 
  x1.x10 
  x1.x11 
  x1.x12 
  x1.x13 
  x1.x14 
  x1.x15 
  x1.x16 
  x1.x17 
  x1.x18 
  x1.x19 
  x1.x20 
  x1.x21 
  x1.x22 
  x1.x23 
  x1.x24 
  x1.x25 
  x2.x3 
  x2.x4 
  x2.x5 
  x2.x6 
  x2.x7 
  x2.x8 
  x2.x9 
  x2.x10 
  x2.x11 
  x2.x12 
  x2.x13 
  x2.x14 
  x2.x15 
  x2.x16 
  x2.x17 
  x2.x18 
  x2.x19 
  x2.x20 
  x2.x21 
  x2.x22 
  x2.x23 
  x2.x24 
  x2.x25 
  x3.x4 
  x3.x5 
  x3.x6 
  x3.x7 
  x3.x8 
  x3.x9 
  x3.x10 
  x3.x11 
  x3.x12 
  x3.x13 
  x3.x14 
  x3.x15 
  x3.x16 
  x3.x17 
  x3.x18 
  x3.x19 
  x3.x20 
  x3.x21 
  x3.x22 
  x3.x23 
  x3.x24 
  x3.x25 
  x4.x5 
  x4.x6 
  x4.x7 
  x4.x8 
  x4.x9 
  x4.x10 
  x4.x11 
  x4.x12 
  x4.x13 
  x4.x14 
  x4.x15 
  x4.x16 
  x4.x17 
  x4.x18 
  x4.x19 
  x4.x20 
  x4.x21 
  x4.x22 
  x4.x23 
  x4.x24 
  x4.x25 
  x5.x6 
  x5.x7 
  x5.x8 
  x5.x9 
  x5.x10 
  x5.x11 
  x5.x12 
  x5.x13 
  x5.x14 
  x5.x15 
  x5.x16 
  x5.x17 
  x5.x18 
  x5.x19 
  x5.x20 
  x5.x21 
  x5.x22 
  x5.x23 
  x5.x24 
  x5.x25 
  x6.x7 
  x6.x8 
  x6.x9 
  x6.x10 
  x6.x11 
  x6.x12 
  x6.x13 
  x6.x14 
  x6.x15 
  x6.x16 
  x6.x17 
  x6.x18 
  x6.x19 
  x6.x20 
  x6.x21 
  x6.x22 
  x6.x23 
  x6.x24 
  x6.x25 
  x7.x8 
  x7.x9 
  x7.x10 
  x7.x11 
  x7.x12 
  x7.x13 
  x7.x14 
  x7.x15 
  x7.x16 
  x7.x17 
  x7.x18 
  x7.x19 
  x7.x20 
  x7.x21 
  x7.x22 
  x7.x23 
  x7.x24 
  x7.x25 
  x8.x9 
  x8.x10 
  x8.x11 
  x8.x12 
  x8.x13 
  x8.x14 
  x8.x15 
  x8.x16 
  x8.x17 
  x8.x18 
  x8.x19 
  x8.x20 
  x8.x21 
  x8.x22 
  x8.x23 
  x8.x24 
  x8.x25 
  x9.x10 
  x9.x11 
  x9.x12 
  x9.x13 
  x9.x14 
  x9.x15 
  x9.x16 
  x9.x17 
  x9.x18 
  x9.x19 
  x9.x20 
  x9.x21 
  x9.x22 
  x9.x23 
  x9.x24 
  x9.x25 
  x10.x11 
  x10.x12 
  x10.x13 
  x10.x14 
  x10.x15 
  x10.x16 
  x10.x17 
  x10.x18 
  x10.x19 
  x10.x20 
  x10.x21 
  x10.x22 
  x10.x23 
