* problem 2
SET Vars   /x1*x25/;
SET QuadCons   /qc1*qc1/;
ALIAS(Vars,j,jj);
 
SET Pairs(Vars,Vars)  / 
x1.x2 ,  x1.x3 ,  x1.x4 ,  x1.x5 ,  x1.x6 ,  x1.x7 ,  x1.x8 ,  x1.x9 ,  x1.x10 ,  x1.x11 ,  x1.x12 ,  x1.x13 ,  x1.x14 ,  x1.x15 ,  x1.x16 ,  x1.x17 ,  x1.x18 ,  x1.x19 ,  x1.x20 ,  x1.x21 ,  x1.x22 ,  x1.x23 ,  x1.x24 ,  x1.x25 ,  x2.x3 ,  x2.x4 ,  x2.x5 ,  x2.x6 ,  x2.x7 ,  x2.x8 ,  x2.x9 ,  x2.x10 ,  x2.x11 ,  x2.x12 ,  x2.x13 ,  x2.x14 ,  x2.x15 ,  x2.x16 ,  x2.x17 ,  x2.x18 ,  x2.x19 ,  x2.x20 ,  x2.x21 ,  x2.x22 ,  x2.x23 ,  x2.x24 ,  x2.x25 ,  x3.x4 ,  x3.x5 ,  x3.x6 ,  x3.x7 ,  x3.x8 ,  x3.x9 ,  x3.x10 ,  x3.x11 ,  x3.x12 ,  x3.x13 ,  x3.x14 ,  x3.x15 ,  x3.x16 ,  x3.x17 ,  x3.x18 ,  x3.x19 ,  x3.x20 ,  x3.x21 ,  x3.x22 ,  x3.x23 ,  x3.x24 ,  x3.x25 ,  x4.x5 ,  x4.x6 ,  x4.x7 ,  x4.x8 ,  x4.x9 ,  x4.x10 ,  x4.x11 ,  x4.x12 ,  x4.x13 ,  x4.x14 ,  x4.x15 ,  x4.x16 ,  x4.x17 ,  x4.x18 ,  x4.x19 ,  x4.x20 ,  x4.x21 ,  x4.x22 ,  x4.x23 ,  x4.x24 ,  x4.x25 ,  x5.x6 ,  x5.x7 ,  x5.x8 ,  x5.x9 ,  x5.x10 ,  x5.x11 ,  x5.x12 ,  x5.x13 ,  x5.x14 ,  x5.x15 ,  x5.x16 ,  x5.x17 ,  x5.x18 ,  x5.x19 ,  x5.x20 ,  x5.x21 ,  x5.x22 ,  x5.x23 ,  x5.x24 ,  x5.x25 ,  x6.x7 ,  x6.x8 ,  x6.x9 ,  x6.x10 ,  x6.x11 ,  x6.x12 ,  x6.x13 ,  x6.x14 ,  x6.x15 ,  x6.x16 ,  x6.x17 ,  x6.x18 ,  x6.x19 ,  x6.x20 ,  x6.x21 ,  x6.x22 ,  x6.x23 ,  x6.x24 ,  x6.x25 ,  x7.x8 ,  x7.x9 ,  x7.x10 ,  x7.x11 ,  x7.x12 ,  x7.x13 ,  x7.x14 ,  x7.x15 ,  x7.x16 ,  x7.x17 ,  x7.x18 ,  x7.x19 ,  x7.x20 ,  x7.x21 ,  x7.x22 ,  x7.x23 ,  x7.x24 ,  x7.x25 ,  x8.x9 ,  x8.x10 ,  x8.x11 ,  x8.x12 ,  x8.x13 ,  x8.x14 ,  x8.x15 ,  x8.x16 ,  x8.x17 ,  x8.x18 ,  x8.x19 ,  x8.x20 ,  x8.x21 ,  x8.x22 ,  x8.x23 ,  x8.x24 ,  x8.x25 ,  x9.x10 ,  x9.x11 ,  x9.x12 ,  x9.x13 ,  x9.x14 ,  x9.x15 ,  x9.x16 ,  x9.x17 ,  x9.x18 ,  x9.x19 ,  x9.x20 ,  x9.x21 ,  x9.x22 ,  x9.x23 ,  x9.x24 ,  x9.x25 ,  x10.x11 ,  x10.x12 ,  x10.x13 ,  x10.x14 ,  x10.x15 ,  x10.x16 ,  x10.x17 ,  x10.x18 ,  x10.x19 ,  x10.x20 ,  x10.x21 ,  x10.x22 ,  x10.x23 ,  x10.x24 ,  x10.x25 ,  x11.x12 ,  x11.x13 ,  x11.x14 ,  x11.x15 ,  x11.x16 ,  x11.x17 ,  x11.x18 ,  x11.x19 ,  x11.x20 ,  x11.x21 ,  x11.x22 ,  x11.x23 ,  x11.x24 ,  x11.x25 ,  x12.x13 ,  x12.x14 ,  x12.x15 ,  x12.x16 ,  x12.x17 ,  x12.x18 ,  x12.x19 ,  x12.x20 ,  x12.x21 ,  x12.x22 ,  x12.x23 ,  x12.x24 ,  x12.x25 ,  x13.x14 ,  x13.x15 ,  x13.x16 ,  x13.x17 ,  x13.x18 ,  x13.x19 ,  x13.x20 ,  x13.x21 ,  x13.x22 ,  x13.x23 ,  x13.x24 ,  x13.x25 ,  x14.x15 ,  x14.x16 ,  x14.x17 ,  x14.x18 ,  x14.x19 ,  x14.x20 ,  x14.x21 ,  x14.x22 ,  x14.x23 ,  x14.x24 ,  x14.x25 ,  x15.x16 ,  x15.x17 ,  x15.x18 ,  x15.x19 ,  x15.x20 ,  x15.x21 ,  x15.x22 ,  x15.x23 ,  x15.x24 ,  x15.x25 ,  x16.x17 ,  x16.x18 ,  x16.x19 ,  x16.x20 ,  x16.x21 ,  x16.x22 ,  x16.x23 ,  x16.x24 ,  x16.x25 ,  x17.x18 ,  x17.x19 ,  x17.x20 ,  x17.x21 ,  x17.x22 ,  x17.x23 ,  x17.x24 ,  x17.x25 ,  x18.x19 ,  x18.x20 ,  x18.x21 ,  x18.x22 ,  x18.x23 ,  x18.x24 ,  x18.x25 ,  x19.x20 ,  x19.x21 ,  x19.x22 ,  x19.x23 ,  x19.x24 ,  x19.x25 ,  x20.x21 ,  x20.x22 ,  x20.x23 ,  x20.x24 ,  x20.x25 ,  x21.x22 ,  x21.x23 ,  x21.x24 ,  x21.x25 ,  x22.x23 ,  x22.x24 ,  x22.x25 ,  x23.x24 ,  x23.x25 ,  x24.x25    / ; 

PARAMETER c0(Vars)
  /  
x1  -7.50417250e-01 
x2  -2.84773118e-01 
x3  -2.71495900e-01 
x4   4.91731289e-01 
x5  -7.12173832e-01 
x6  -7.63681079e-01 
x7   7.81023359e-02 
x8   9.51666479e-01 
x9   7.34031295e-01 
x10   8.26911797e-01 
x11   5.74879983e-01 
x12  -3.61951109e-01 
x13  -7.39728310e-02 
x14   9.14379505e-01 
x15  -3.91652538e-01 
x16   1.93887423e-02 
x17   4.12634060e-01 
x18  -1.69812617e-01 
x19   4.71794498e-01 
x20   6.60791770e-01 
x21  -3.50906162e-01 
x22  -6.12643853e-01 
x23   3.47875590e-01 
x24   1.12572698e-01 
x25  -5.01126477e-01 
 / 
 
PARAMETER g(QuadCons)
  /  
qc1   1.89467672e+00 
 / 
 
TABLE Q0(j,jj)
                x1                 x2                 x3                 x4                 x5                 x6                 x7                 x8                 x9                 x10                 x11                 x12                 x13                 x14                 x15                 x16                 x17                 x18                 x19                 x20                 x21                 x22                 x23                 x24                 x25                
x1   0.000000000000      4.56761035e-01      2.89352157e-01      5.85041678e-01      9.23675702e-01     -1.61036050e-01      8.53140541e-02     -1.57611513e-01      8.75043240e-01      7.06102198e-01      2.96828067e-01      3.38805568e-01      6.42516312e-01      1.74447093e-01      8.69904522e-01     -4.84001812e-01     -6.77039615e-01     -6.85747881e-02      4.16497919e-01     -2.11323083e-01      6.40735309e-01     -1.16585993e-01     -8.17316710e-01     -5.97426841e-01     -9.71371452e-01    
x2   4.56761035e-01      0.000000000000      4.33899690e-01      2.98068466e-01     -7.31850229e-01     -4.95072898e-02      1.68115717e-01      8.89593015e-01     -1.65436755e-01     -9.76303769e-01      9.05794250e-01     -8.55725309e-01     -5.08660561e-01      8.42924953e-01      9.36699421e-01     -1.82996308e-01      9.60386018e-01      6.38181092e-01     -3.60502297e-01     -2.02448994e-01      9.70489479e-01     -8.61868117e-02     -8.66461897e-01     -7.99685067e-01     -9.32343698e-01    
x3   2.89352157e-01      4.33899690e-01      0.000000000000      7.51366418e-01     -4.07782686e-01      9.70091521e-02     -8.68865570e-01      9.26483111e-01     -8.42562910e-03      2.82744900e-01      2.87685753e-01     -7.66575919e-01     -6.28287635e-01      8.20712550e-01     -4.04114103e-01     -9.56123187e-01      4.35501593e-01     -3.67061755e-01     -2.94941728e-01      9.22337978e-01     -6.74739807e-01      9.16684349e-01      7.59080921e-01     -2.00691353e-01     -6.87391202e-01    
x4   5.85041678e-01      2.98068466e-01      7.51366418e-01      0.000000000000      2.87356510e-01     -2.62310744e-01     -4.42313171e-01      6.70104665e-01      9.44161821e-01     -7.50684141e-01      2.17423551e-01      9.29093575e-01     -4.16280473e-01     -7.98987557e-02     -7.49545162e-01      6.26998468e-02      6.60401211e-01     -5.28867595e-02      9.31065458e-01      3.04187689e-01      6.72523958e-01     -8.74748660e-01     -7.74655815e-01      4.33098031e-01     -3.87919155e-01    
x5   9.23675702e-01     -7.31850229e-01     -4.07782686e-01      2.87356510e-01      0.000000000000      6.50201507e-01     -2.37726787e-01     -2.27929312e-01      4.83327729e-01     -2.62205799e-01      8.31249627e-01      7.02768067e-01     -7.01220907e-01      4.71794521e-01      5.96679772e-02     -1.91178795e-01     -8.25361276e-01     -9.17200748e-01      1.03009896e-01      7.93447828e-01     -8.70111844e-01     -9.90602838e-01      5.12145747e-01      4.90091160e-01     -5.49437203e-01    
x6  -1.61036050e-01     -4.95072898e-02      9.70091521e-02     -2.62310744e-01      6.50201507e-01      0.000000000000      7.53046787e-01     -5.89688306e-01     -7.20358127e-01      5.09479900e-01     -1.06552493e-01     -3.19844235e-01     -8.66105537e-01      1.65515479e-01      8.20728281e-01      3.42494032e-01     -4.26067275e-01      1.91760020e-02     -5.36989796e-01     -2.53200577e-01      9.49004265e-01     -2.27776042e-01      5.81404111e-01     -6.14761780e-01     -1.88898229e-01    
x7   8.53140541e-02      1.68115717e-01     -8.68865570e-01     -4.42313171e-01     -2.37726787e-01      7.53046787e-01      0.000000000000      1.88156607e-02     -6.56923847e-01      1.38888038e-01      3.78106123e-01     -4.14361108e-01      7.19559866e-01      3.35378064e-01      8.61076291e-01      3.71872163e-01     -6.18031444e-01     -1.13219454e-01     -3.87153279e-01      1.38948457e-01      6.31337746e-01      1.28283963e-02     -3.02277148e-01      4.00312337e-02      6.87884874e-01    
x8  -1.57611513e-01      8.89593015e-01      9.26483111e-01      6.70104665e-01     -2.27929312e-01     -5.89688306e-01      1.88156607e-02      0.000000000000      9.11019409e-01     -8.99958631e-01     -8.26555828e-01     -1.33467345e-01     -6.73622874e-01      3.61089892e-01      7.42181170e-01      7.63608999e-01      3.32008396e-01      4.99350779e-01      3.70556963e-01     -2.89155841e-01     -3.36523916e-01      9.26553186e-01     -3.46612778e-02      4.58470043e-01     -9.28385214e-01    
x9   8.75043240e-01     -1.65436755e-01     -8.42562910e-03      9.44161821e-01      4.83327729e-01     -7.20358127e-01     -6.56923847e-01      9.11019409e-01      0.000000000000     -9.66719570e-01     -4.62909906e-01     -6.01179580e-01      1.52512446e-01      6.88262978e-02     -7.15388244e-01      1.11896746e-01      5.33800870e-01      5.89868167e-01     -8.87998819e-01      8.81046580e-01      4.69486367e-01     -7.98935511e-01      4.27135618e-01     -8.03482473e-01     -4.38282032e-01    
x10   7.06102198e-01     -9.76303769e-01      2.82744900e-01     -7.50684141e-01     -2.62205799e-01      5.09479900e-01      1.38888038e-01     -8.99958631e-01     -9.66719570e-01      0.000000000000     -7.22548747e-01     -9.56157871e-01      3.84136460e-01     -9.58273605e-01      2.89970087e-02      6.04459776e-01     -7.94986062e-01     -6.73856223e-01     -6.07922431e-01      2.13922193e-01      9.38392939e-01     -1.38993627e-01      1.06372695e-01     -1.18598464e-02      4.56528735e-01    
x11   2.96828067e-01      9.05794250e-01      2.87685753e-01      2.17423551e-01      8.31249627e-01     -1.06552493e-01      3.78106123e-01     -8.26555828e-01     -4.62909906e-01     -7.22548747e-01      0.000000000000      3.22280521e-01     -1.22755745e-02      9.04164218e-01     -3.76860259e-01     -8.09757196e-01      9.90272391e-02     -1.57304105e-01      3.95693635e-01      6.01822984e-01      6.00227066e-01     -1.77309109e-01      5.67116620e-01     -6.04988420e-01     -2.42554936e-01    
x12   3.38805568e-01     -8.55725309e-01     -7.66575919e-01      9.29093575e-01      7.02768067e-01     -3.19844235e-01     -4.14361108e-01     -1.33467345e-01     -6.01179580e-01     -9.56157871e-01      3.22280521e-01      0.000000000000     -7.22084566e-01      4.11047789e-01     -9.50302589e-02     -8.13169541e-01      1.52881100e-01     -2.35756736e-01     -8.32450251e-01      6.77060606e-01      2.40412687e-01     -1.01805360e-01      9.43947240e-01      2.57046178e-01      1.20834278e-01    
x13   6.42516312e-01     -5.08660561e-01     -6.28287635e-01     -4.16280473e-01     -7.01220907e-01     -8.66105537e-01      7.19559866e-01     -6.73622874e-01      1.52512446e-01      3.84136460e-01     -1.22755745e-02     -7.22084566e-01      0.000000000000     -1.77734187e-01      1.76279308e-01      1.02652910e-01     -7.00390122e-01     -9.73962122e-01      7.64789196e-01     -6.18690121e-01     -4.23692703e-01      9.04375422e-01      8.95023915e-01      7.52163717e-01     -2.48298365e-01    
x14   1.74447093e-01      8.42924953e-01      8.20712550e-01     -7.98987557e-02      4.71794521e-01      1.65515479e-01      3.35378064e-01      3.61089892e-01      6.88262978e-02     -9.58273605e-01      9.04164218e-01      4.11047789e-01     -1.77734187e-01      0.000000000000      9.09171426e-01      8.81473721e-01      1.96166351e-01      5.38332264e-01      5.00098541e-01      8.01958675e-01     -5.15752085e-01      9.73576891e-01     -8.64334862e-01      8.26884388e-01      8.55212778e-01    
x15   8.69904522e-01      9.36699421e-01     -4.04114103e-01     -7.49545162e-01      5.96679772e-02      8.20728281e-01      8.61076291e-01      7.42181170e-01     -7.15388244e-01      2.89970087e-02     -3.76860259e-01     -9.50302589e-02      1.76279308e-01      9.09171426e-01      0.000000000000     -7.96338930e-01     -4.86127718e-01     -1.27981950e-01      3.92661282e-01     -6.23682473e-02      5.67637732e-01      9.76195692e-01      3.30749381e-01     -5.42372325e-01     -4.65476778e-02    
x16  -4.84001812e-01     -1.82996308e-01     -9.56123187e-01      6.26998468e-02     -1.91178795e-01      3.42494032e-01      3.71872163e-01      7.63608999e-01      1.11896746e-01      6.04459776e-01     -8.09757196e-01     -8.13169541e-01      1.02652910e-01      8.81473721e-01     -7.96338930e-01      0.000000000000      9.26912519e-01     -6.31555413e-01     -1.65974294e-01     -9.93544586e-01     -7.10275616e-01      1.06214146e-01      3.12170032e-01     -2.74643681e-02     -6.56911279e-01    
x17  -6.77039615e-01      9.60386018e-01      4.35501593e-01      6.60401211e-01     -8.25361276e-01     -4.26067275e-01     -6.18031444e-01      3.32008396e-01      5.33800870e-01     -7.94986062e-01      9.90272391e-02      1.52881100e-01     -7.00390122e-01      1.96166351e-01     -4.86127718e-01      9.26912519e-01      0.000000000000     -1.86774199e-01      1.53765621e-01      3.59650555e-01      3.48545626e-01     -3.31207868e-02     -2.77803706e-01     -1.12877323e-01     -2.47199081e-01    
x18  -6.85747881e-02      6.38181092e-01     -3.67061755e-01     -5.28867595e-02     -9.17200748e-01      1.91760020e-02     -1.13219454e-01      4.99350779e-01      5.89868167e-01     -6.73856223e-01     -1.57304105e-01     -2.35756736e-01     -9.73962122e-01      5.38332264e-01     -1.27981950e-01     -6.31555413e-01     -1.86774199e-01      0.000000000000     -6.48252172e-01      7.08154552e-01      4.15569295e-01      1.44217852e-01      3.75791405e-01     -4.93206316e-01      1.66598303e-01    
x19   4.16497919e-01     -3.60502297e-01     -2.94941728e-01      9.31065458e-01      1.03009896e-01     -5.36989796e-01     -3.87153279e-01      3.70556963e-01     -8.87998819e-01     -6.07922431e-01      3.95693635e-01     -8.32450251e-01      7.64789196e-01      5.00098541e-01      3.92661282e-01     -1.65974294e-01      1.53765621e-01     -6.48252172e-01      0.000000000000     -7.31150464e-01      8.24660894e-01      4.51701716e-01      7.03445460e-01     -9.67837949e-01      5.09857280e-01    
x20  -2.11323083e-01     -2.02448994e-01      9.22337978e-01      3.04187689e-01      7.93447828e-01     -2.53200577e-01      1.38948457e-01     -2.89155841e-01      8.81046580e-01      2.13922193e-01      6.01822984e-01      6.77060606e-01     -6.18690121e-01      8.01958675e-01     -6.23682473e-02     -9.93544586e-01      3.59650555e-01      7.08154552e-01     -7.31150464e-01      0.000000000000     -7.22238457e-01      5.12489566e-01     -4.45294266e-01      1.07873098e-02      7.04467627e-01    
x21   6.40735309e-01      9.70489479e-01     -6.74739807e-01      6.72523958e-01     -8.70111844e-01      9.49004265e-01      6.31337746e-01     -3.36523916e-01      4.69486367e-01      9.38392939e-01      6.00227066e-01      2.40412687e-01     -4.23692703e-01     -5.15752085e-01      5.67637732e-01     -7.10275616e-01      3.48545626e-01      4.15569295e-01      8.24660894e-01     -7.22238457e-01      0.000000000000     -3.54258434e-02     -9.30982126e-01     -5.82979466e-01     -2.83329953e-01    
x22  -1.16585993e-01     -8.61868117e-02      9.16684349e-01     -8.74748660e-01     -9.90602838e-01     -2.27776042e-01      1.28283963e-02      9.26553186e-01     -7.98935511e-01     -1.38993627e-01     -1.77309109e-01     -1.01805360e-01      9.04375422e-01      9.73576891e-01      9.76195692e-01      1.06214146e-01     -3.31207868e-02      1.44217852e-01      4.51701716e-01      5.12489566e-01     -3.54258434e-02      0.000000000000     -7.06385966e-02     -8.53173930e-01      6.21459470e-01    
x23  -8.17316710e-01     -8.66461897e-01      7.59080921e-01     -7.74655815e-01      5.12145747e-01      5.81404111e-01     -3.02277148e-01     -3.46612778e-02      4.27135618e-01      1.06372695e-01      5.67116620e-01      9.43947240e-01      8.95023915e-01     -8.64334862e-01      3.30749381e-01      3.12170032e-01     -2.77803706e-01      3.75791405e-01      7.03445460e-01     -4.45294266e-01     -9.30982126e-01     -7.06385966e-02      0.000000000000      9.92215109e-01      9.26207421e-01    
x24  -5.97426841e-01     -7.99685067e-01     -2.00691353e-01      4.33098031e-01      4.90091160e-01     -6.14761780e-01      4.00312337e-02      4.58470043e-01     -8.03482473e-01     -1.18598464e-02     -6.04988420e-01      2.57046178e-01      7.52163717e-01      8.26884388e-01     -5.42372325e-01     -2.74643681e-02     -1.12877323e-01     -4.93206316e-01     -9.67837949e-01      1.07873098e-02     -5.82979466e-01     -8.53173930e-01      9.92215109e-01      0.000000000000      1.85561203e-01    
x25  -9.71371452e-01     -9.32343698e-01     -6.87391202e-01     -3.87919155e-01     -5.49437203e-01     -1.88898229e-01      6.87884874e-01     -9.28385214e-01     -4.38282032e-01      4.56528735e-01     -2.42554936e-01      1.20834278e-01     -2.48298365e-01      8.55212778e-01     -4.65476778e-02     -6.56911279e-01     -2.47199081e-01      1.66598303e-01      5.09857280e-01      7.04467627e-01     -2.83329953e-01      6.21459470e-01      9.26207421e-01      1.85561203e-01      0.000000000000    
 ;

TABLE cmat(QuadCons,jj)
                x1                 x2                 x3                 x4                 x5                 x6                 x7                 x8                 x9                 x10                 x11                 x12                 x13                 x14                 x15                 x16                 x17                 x18                 x19                 x20                 x21                 x22                 x23                 x24                 x25                
qc1 -9.47444171e-01      6.16606974e-01      3.06380270e-01      9.39473940e-01      5.67090484e-01      4.02552634e-01     -9.30946610e-01      5.66936769e-01      6.84701377e-01      6.28573555e-01      4.43794304e-01     -8.24410209e-01      6.22805764e-01      3.97625369e-01     -4.24913524e-01      8.13949947e-01     -3.42626208e-01      3.77713048e-01     -2.62185912e-01      1.13646306e-01      9.04685232e-01      9.45669291e-01      7.71060457e-01     -8.47506646e-01     -8.53214938e-01    
 ;

TABLE Q(j,jj,QuadCons)
                      qc1               
x1.x1    
x1.x2     -1.09003777e-01    
x1.x3     -5.66504191e-01    
x1.x4      5.84934012e-01    
x1.x5      8.95311990e-01    
x1.x6     -9.95894540e-01    
x1.x7     -5.83368019e-01    
x1.x8      2.34118513e-01    
x1.x9      4.30805093e-01    
x1.x10      4.23886980e-01    
x1.x11     -2.65606545e-01    
x1.x12     -1.58290268e-01    
x1.x13      3.55126336e-01    
x1.x14     -9.75015232e-01    
x1.x15     -1.45285469e-01    
x1.x16     -4.75965605e-01    
x1.x17      9.96451523e-01    
x1.x18     -8.51984667e-01    
x1.x19      7.91046905e-01    
x1.x20     -3.02818959e-01    
x1.x21     -3.17908061e-01    
x1.x22     -8.96381662e-01    
x1.x23     -9.48836849e-01    
x1.x24      9.75862907e-01    
x1.x25     -1.24114995e-01    
x2.x1     -1.09003777e-01      
 x2.x2    
x2.x3     -2.54671310e-01    
x2.x4     -3.49802674e-01    
x2.x5      4.88106470e-01    
x2.x6      2.53969405e-01    
x2.x7      1.48772112e-01    
x2.x8     -5.12212500e-01    
x2.x9      6.66772959e-01    
x2.x10     -1.70023513e-01    
x2.x11      4.73907749e-01    
x2.x12     -4.13590975e-02    
x2.x13      4.43452685e-01    
x2.x14     -1.44503238e-01    
x2.x15     -4.43934630e-01    
x2.x16      8.03564474e-01    
x2.x17     -3.23328760e-02    
x2.x18     -8.95684296e-01    
x2.x19      6.46257694e-02    
x2.x20     -7.17227660e-01    
x2.x21      4.04608131e-01    
x2.x22     -8.79416891e-01    
x2.x23     -9.38335720e-01    
x2.x24      2.13464109e-01    
x2.x25     -6.68235689e-01    
x3.x1     -5.66504191e-01      
 x3.x2     -2.54671310e-01      
 x3.x3    
x3.x4     -2.27120084e-01    
x3.x5      6.57463189e-01    
x3.x6     -5.79109439e-01    
x3.x7     -5.04041457e-01    
x3.x8      1.69977688e-01    
x3.x9     -5.30323618e-01    
x3.x10      2.55867301e-02    
x3.x11      4.10417042e-01    
x3.x12     -5.36565577e-01    
x3.x13      6.96649978e-01    
x3.x14     -5.06162342e-01    
x3.x15      6.40098950e-01    
x3.x16     -5.76586195e-01    
x3.x17     -4.70675892e-01    
x3.x18     -8.31765083e-01    
x3.x19      5.18990976e-01    
x3.x20      3.37886178e-01    
x3.x21     -7.25666755e-01    
x3.x22      3.91749870e-01    
x3.x23      4.96978588e-01    
x3.x24      4.17965573e-02    
x3.x25      4.38772688e-01    
x4.x1      5.84934012e-01      
 x4.x2     -3.49802674e-01      
 x4.x3     -2.27120084e-01      
 x4.x4    
x4.x5      3.16636175e-01    
x4.x6     -7.55540888e-02    
x4.x7      6.21377801e-01    
x4.x8      6.09819913e-02    
x4.x9      6.43441847e-01    
x4.x10     -6.39973359e-01    
x4.x11      5.92822729e-01    
x4.x12     -2.39135365e-01    
x4.x13      5.70893215e-01    
x4.x14     -9.17135251e-01    
x4.x15     -9.82047360e-01    
x4.x16     -9.77963211e-01    
x4.x17      4.70569220e-01    
x4.x18     -1.38645364e-03    
x4.x19     -7.48519479e-01    
x4.x20     -2.66152684e-01    
x4.x21     -1.05179483e-01    
x4.x22     -1.54354901e-01    
x4.x23     -6.96539677e-01    
x4.x24      6.15897445e-01    
x4.x25     -4.29779239e-01    
x5.x1      8.95311990e-01      
 x5.x2      4.88106470e-01      
 x5.x3      6.57463189e-01      
 x5.x4      3.16636175e-01      
 x5.x5    
x5.x6      1.22306314e-01    
x5.x7      6.26816913e-01    
x5.x8      4.05915688e-01    
x5.x9      2.82046550e-01    
x5.x10      7.84123392e-01    
x5.x11     -6.62272359e-01    
x5.x12      8.75814148e-01    
x5.x13      5.53793408e-01    
x5.x14      7.69147141e-01    
x5.x15     -8.41617412e-01    
x5.x16     -9.72470556e-01    
x5.x17      7.79825952e-01    
x5.x18      4.32720243e-01    
x5.x19      3.58770555e-01    
x5.x20     -3.79953623e-02    
x5.x21      6.00442300e-01    
x5.x22      5.49150733e-01    
x5.x23     -7.95843175e-01    
x5.x24      3.72046209e-01    
x5.x25      9.64285283e-02    
x6.x1     -9.95894540e-01      
 x6.x2      2.53969405e-01      
 x6.x3     -5.79109439e-01      
 x6.x4     -7.55540888e-02      
 x6.x5      1.22306314e-01      
 x6.x6    
x6.x7     -8.62839669e-01    
x6.x8      1.78612061e-01    
x6.x9      9.42225062e-02    
x6.x10     -6.70994012e-01    
x6.x11      2.60829670e-01    
x6.x12      5.37282792e-01    
x6.x13      3.19883592e-01    
x6.x14     -7.24812878e-01    
x6.x15      8.94045657e-01    
x6.x16     -3.57618399e-01    
x6.x17      3.13069152e-01    
x6.x18     -9.47247812e-01    
x6.x19      5.19483468e-02    
x6.x20     -4.63804584e-01    
x6.x21     -2.24876453e-01    
x6.x22     -9.80367644e-01    
x6.x23     -2.99018762e-01    
x6.x24      5.83607372e-01    
x6.x25      2.76349091e-01    
x7.x1     -5.83368019e-01      
 x7.x2      1.48772112e-01      
 x7.x3     -5.04041457e-01      
 x7.x4      6.21377801e-01      
 x7.x5      6.26816913e-01      
 x7.x6     -8.62839669e-01      
 x7.x7    
x7.x8      4.61717923e-01    
x7.x9     -5.93391195e-01    
x7.x10     -4.26170940e-01    
x7.x11      3.09420254e-01    
x7.x12      4.31427144e-01    
x7.x13      6.02516175e-01    
x7.x14     -9.14368120e-01    
x7.x15     -2.07026753e-01    
x7.x16     -3.81660042e-01    
x7.x17     -3.41300610e-01    
x7.x18      8.71003679e-01    
x7.x19      7.14443594e-01    
x7.x20      9.86158039e-02    
x7.x21     -1.34653719e-01    
x7.x22      5.94724135e-02    
x7.x23      8.29631747e-01    
x7.x24      3.85753183e-01    
x7.x25     -4.54908075e-01    
x8.x1      2.34118513e-01      
 x8.x2     -5.12212500e-01      
 x8.x3      1.69977688e-01      
 x8.x4      6.09819913e-02      
 x8.x5      4.05915688e-01      
 x8.x6      1.78612061e-01      
 x8.x7      4.61717923e-01      
 x8.x8    
x8.x9      8.25200293e-01    
x8.x10      1.77422855e-01    
x8.x11      9.56498004e-01    
x8.x12     -9.17867376e-01    
x8.x13      2.38964746e-01    
x8.x14      3.70740594e-01    
x8.x15      8.85044928e-01    
x8.x16      8.61025537e-01    
x8.x17     -9.65002107e-01    
x8.x18     -5.55903356e-01    
x8.x19     -6.31128478e-01    
x8.x20     -2.48823368e-01    
x8.x21      1.11088467e-01    
x8.x22      1.67484326e-01    
x8.x23     -2.21270945e-01    
x8.x24      4.38392567e-01    
x8.x25      5.46341897e-02    
x9.x1      4.30805093e-01      
 x9.x2      6.66772959e-01      
 x9.x3     -5.30323618e-01      
 x9.x4      6.43441847e-01      
 x9.x5      2.82046550e-01      
 x9.x6      9.42225062e-02      
 x9.x7     -5.93391195e-01      
 x9.x8      8.25200293e-01      
 x9.x9    
x9.x10      6.28075621e-01    
x9.x11     -5.44333088e-01    
x9.x12      9.41713521e-01    
x9.x13     -3.31858226e-01    
x9.x14      8.21389459e-01    
x9.x15      7.62278684e-01    
x9.x16      1.33641677e-01    
x9.x17     -6.75654402e-01    
x9.x18      5.09317780e-01    
x9.x19      7.98571602e-01    
x9.x20     -8.19161029e-01    
x9.x21      7.79586608e-01    
x9.x22     -3.85632507e-01    
x9.x23     -2.86800530e-01    
x9.x24     -8.43512738e-01    
x9.x25     -3.14716520e-01    
x10.x1      4.23886980e-01      
 x10.x2     -1.70023513e-01      
 x10.x3      2.55867301e-02      
 x10.x4     -6.39973359e-01      
 x10.x5      7.84123392e-01      
 x10.x6     -6.70994012e-01      
 x10.x7     -4.26170940e-01      
 x10.x8      1.77422855e-01      
 x10.x9      6.28075621e-01      
 x10.x10    
x10.x11      4.40196265e-01    
x10.x12      8.45524176e-01    
x10.x13      9.08694027e-02    
x10.x14     -1.91594989e-01    
x10.x15      6.46568900e-01    
x10.x16      5.48229698e-02    
x10.x17     -7.24760598e-01    
x10.x18      3.34687410e-01    
x10.x19      2.36937068e-01    
x10.x20     -5.14758975e-01    
x10.x21     -7.97251546e-01    
x10.x22      7.60563385e-01    
x10.x23      2.93793434e-01    
x10.x24      3.59753276e-01    
x10.x25     -5.23037209e-01    
x11.x1     -2.65606545e-01      
 x11.x2      4.73907749e-01      
 x11.x3      4.10417042e-01      
 x11.x4      5.92822729e-01      
 x11.x5     -6.62272359e-01      
 x11.x6      2.60829670e-01      
 x11.x7      3.09420254e-01      
 x11.x8      9.56498004e-01      
 x11.x9     -5.44333088e-01      
 x11.x10      4.40196265e-01      
 x11.x11    
x11.x12     -4.77962341e-01    
x11.x13      4.57540608e-01    
x11.x14      9.37979966e-01    
x11.x15     -4.10367038e-01    
x11.x16     -7.85951370e-01    
x11.x17     -2.82229265e-01    
x11.x18     -9.90626736e-01    
x11.x19     -1.48714010e-01    
x11.x20     -5.13900045e-02    
x11.x21     -2.98715338e-01    
x11.x22      2.69855667e-01    
x11.x23      6.92871884e-01    
x11.x24      4.08753202e-01    
x11.x25      2.62576829e-01    
x12.x1     -1.58290268e-01      
 x12.x2     -4.13590975e-02      
 x12.x3     -5.36565577e-01      
 x12.x4     -2.39135365e-01      
 x12.x5      8.75814148e-01      
 x12.x6      5.37282792e-01      
 x12.x7      4.31427144e-01      
 x12.x8     -9.17867376e-01      
 x12.x9      9.41713521e-01      
 x12.x10      8.45524176e-01      
 x12.x11     -4.77962341e-01      
 x12.x12    
x12.x13      3.65424149e-01    
x12.x14     -3.08329029e-01    
x12.x15     -9.36944519e-02    
x12.x16     -2.68337894e-01    
x12.x17     -7.60986149e-01    
x12.x18     -2.05450934e-01    
x12.x19     -8.51989782e-01    
x12.x20      4.37528001e-01    
x12.x21     -3.91514150e-01    
x12.x22      1.48325683e-01    
x12.x23      7.12708480e-01    
x12.x24      6.66666528e-01    
x12.x25     -3.29018056e-01    
x13.x1      3.55126336e-01      
 x13.x2      4.43452685e-01      
 x13.x3      6.96649978e-01      
 x13.x4      5.70893215e-01      
 x13.x5      5.53793408e-01      
 x13.x6      3.19883592e-01      
 x13.x7      6.02516175e-01      
 x13.x8      2.38964746e-01      
 x13.x9     -3.31858226e-01      
 x13.x10      9.08694027e-02      
 x13.x11      4.57540608e-01      
 x13.x12      3.65424149e-01      
 x13.x13    
x13.x14      6.65242971e-01    
x13.x15     -4.35324042e-01    
x13.x16      2.63377740e-01    
x13.x17      4.90767069e-01    
x13.x18     -1.48775931e-01    
x13.x19     -4.65850643e-01    
x13.x20     -1.48682201e-01    
x13.x21      6.39383016e-01    
x13.x22     -9.40345426e-01    
x13.x23      8.71386662e-01    
x13.x24     -1.76713144e-01    
x13.x25     -8.70829466e-01    
x14.x1     -9.75015232e-01      
 x14.x2     -1.44503238e-01      
 x14.x3     -5.06162342e-01      
 x14.x4     -9.17135251e-01      
 x14.x5      7.69147141e-01      
 x14.x6     -7.24812878e-01      
 x14.x7     -9.14368120e-01      
 x14.x8      3.70740594e-01      
 x14.x9      8.21389459e-01      
 x14.x10     -1.91594989e-01      
 x14.x11      9.37979966e-01      
 x14.x12     -3.08329029e-01      
 x14.x13      6.65242971e-01      
 x14.x14    
x14.x15      7.32648264e-01    
x14.x16      6.62149862e-01    
x14.x17      9.88812633e-01    
x14.x18      3.25497302e-01    
x14.x19     -6.61139283e-01    
x14.x20     -3.94523051e-01    
x14.x21      2.08058421e-01    
x14.x22     -5.52564126e-01    
x14.x23      6.55174298e-01    
x14.x24     -8.54368270e-01    
x14.x25     -2.31299087e-01    
x15.x1     -1.45285469e-01      
 x15.x2     -4.43934630e-01      
 x15.x3      6.40098950e-01      
 x15.x4     -9.82047360e-01      
 x15.x5     -8.41617412e-01      
 x15.x6      8.94045657e-01      
 x15.x7     -2.07026753e-01      
 x15.x8      8.85044928e-01      
 x15.x9      7.62278684e-01      
 x15.x10      6.46568900e-01      
 x15.x11     -4.10367038e-01      
 x15.x12     -9.36944519e-02      
 x15.x13     -4.35324042e-01      
 x15.x14      7.32648264e-01      
 x15.x15    
x15.x16      5.36162515e-01    
x15.x17      7.28787516e-01    
x15.x18     -4.68921721e-01    
x15.x19      4.47789520e-02    
x15.x20     -9.15115321e-01    
x15.x21      3.69082423e-01    
x15.x22     -4.11387087e-01    
x15.x23     -7.92247270e-01    
x15.x24     -4.00362636e-01    
x15.x25      1.59868917e-01    
x16.x1     -4.75965605e-01      
 x16.x2      8.03564474e-01      
 x16.x3     -5.76586195e-01      
 x16.x4     -9.77963211e-01      
 x16.x5     -9.72470556e-01      
 x16.x6     -3.57618399e-01      
 x16.x7     -3.81660042e-01      
 x16.x8      8.61025537e-01      
 x16.x9      1.33641677e-01      
 x16.x10      5.48229698e-02      
 x16.x11     -7.85951370e-01      
 x16.x12     -2.68337894e-01      
 x16.x13      2.63377740e-01      
 x16.x14      6.62149862e-01      
 x16.x15      5.36162515e-01      
 x16.x16    
x16.x17      7.14821007e-01    
x16.x18     -5.04137073e-01    
x16.x19     -1.53618653e-01    
x16.x20      1.11612331e-01    
x16.x21     -1.48732075e-01    
x16.x22      5.95509942e-01    
x16.x23     -8.92887187e-01    
x16.x24      8.28434380e-01    
x16.x25     -4.66861375e-01    
x17.x1      9.96451523e-01      
 x17.x2     -3.23328760e-02      
 x17.x3     -4.70675892e-01      
 x17.x4      4.70569220e-01      
 x17.x5      7.79825952e-01      
 x17.x6      3.13069152e-01      
 x17.x7     -3.41300610e-01      
 x17.x8     -9.65002107e-01      
 x17.x9     -6.75654402e-01      
 x17.x10     -7.24760598e-01      
 x17.x11     -2.82229265e-01      
 x17.x12     -7.60986149e-01      
 x17.x13      4.90767069e-01      
 x17.x14      9.88812633e-01      
 x17.x15      7.28787516e-01      
 x17.x16      7.14821007e-01      
 x17.x17    
x17.x18     -4.62161635e-01    
x17.x19      6.87083306e-01    
x17.x20      6.96880360e-01    
x17.x21     -1.54532395e-01    
x17.x22      7.61006506e-01    
x17.x23      1.58421665e-01    
x17.x24     -3.74816056e-01    
x17.x25      3.55066721e-01    
x18.x1     -8.51984667e-01      
 x18.x2     -8.95684296e-01      
 x18.x3     -8.31765083e-01      
 x18.x4     -1.38645364e-03      
 x18.x5      4.32720243e-01      
 x18.x6     -9.47247812e-01      
 x18.x7      8.71003679e-01      
 x18.x8     -5.55903356e-01      
 x18.x9      5.09317780e-01      
 x18.x10      3.34687410e-01      
 x18.x11     -9.90626736e-01      
 x18.x12     -2.05450934e-01      
 x18.x13     -1.48775931e-01      
 x18.x14      3.25497302e-01      
 x18.x15     -4.68921721e-01      
 x18.x16     -5.04137073e-01      
 x18.x17     -4.62161635e-01      
 x18.x18    
x18.x19      5.92248016e-01    
x18.x20     -5.80288731e-01    
x18.x21      3.52020865e-01    
x18.x22      4.54008243e-01    
x18.x23      2.96992142e-01    
x18.x24     -9.73038272e-01    
x18.x25     -7.99170548e-01    
x19.x1      7.91046905e-01      
 x19.x2      6.46257694e-02      
 x19.x3      5.18990976e-01      
 x19.x4     -7.48519479e-01      
 x19.x5      3.58770555e-01      
 x19.x6      5.19483468e-02      
 x19.x7      7.14443594e-01      
 x19.x8     -6.31128478e-01      
 x19.x9      7.98571602e-01      
 x19.x10      2.36937068e-01      
 x19.x11     -1.48714010e-01      
 x19.x12     -8.51989782e-01      
 x19.x13     -4.65850643e-01      
 x19.x14     -6.61139283e-01      
 x19.x15      4.47789520e-02      
 x19.x16     -1.53618653e-01      
 x19.x17      6.87083306e-01      
 x19.x18      5.92248016e-01      
 x19.x19    
x19.x20     -2.62014957e-01    
x19.x21     -5.18821353e-01    
x19.x22      5.73785983e-01    
x19.x23     -5.28237144e-01    
x19.x24     -4.29254104e-01    
x19.x25     -4.52517754e-02    
x20.x1     -3.02818959e-01      
 x20.x2     -7.17227660e-01      
 x20.x3      3.37886178e-01      
 x20.x4     -2.66152684e-01      
 x20.x5     -3.79953623e-02      
 x20.x6     -4.63804584e-01      
 x20.x7      9.86158039e-02      
 x20.x8     -2.48823368e-01      
 x20.x9     -8.19161029e-01      
 x20.x10     -5.14758975e-01      
 x20.x11     -5.13900045e-02      
 x20.x12      4.37528001e-01      
 x20.x13     -1.48682201e-01      
 x20.x14     -3.94523051e-01      
 x20.x15     -9.15115321e-01      
 x20.x16      1.11612331e-01      
 x20.x17      6.96880360e-01      
 x20.x18     -5.80288731e-01      
 x20.x19     -2.62014957e-01      
 x20.x20    
x20.x21     -7.26929637e-01    
x20.x22     -5.23541655e-01    
x20.x23      9.15833208e-01    
x20.x24     -4.45912423e-01    
x20.x25     -4.64592137e-01    
x21.x1     -3.17908061e-01      
 x21.x2      4.04608131e-01      
 x21.x3     -7.25666755e-01      
 x21.x4     -1.05179483e-01      
 x21.x5      6.00442300e-01      
 x21.x6     -2.24876453e-01      
 x21.x7     -1.34653719e-01      
 x21.x8      1.11088467e-01      
 x21.x9      7.79586608e-01      
 x21.x10     -7.97251546e-01      
 x21.x11     -2.98715338e-01      
 x21.x12     -3.91514150e-01      
 x21.x13      6.39383016e-01      
 x21.x14      2.08058421e-01      
 x21.x15      3.69082423e-01      
 x21.x16     -1.48732075e-01      
 x21.x17     -1.54532395e-01      
 x21.x18      3.52020865e-01      
 x21.x19     -5.18821353e-01      
 x21.x20     -7.26929637e-01      
 x21.x21    
x21.x22      3.23958044e-01    
x21.x23     -5.22566802e-01    
x21.x24      3.39143212e-01    
x21.x25      9.66304373e-01    
x22.x1     -8.96381662e-01      
 x22.x2     -8.79416891e-01      
 x22.x3      3.91749870e-01      
 x22.x4     -1.54354901e-01      
 x22.x5      5.49150733e-01      
 x22.x6     -9.80367644e-01      
 x22.x7      5.94724135e-02      
 x22.x8      1.67484326e-01      
 x22.x9     -3.85632507e-01      
 x22.x10      7.60563385e-01      
 x22.x11      2.69855667e-01      
 x22.x12      1.48325683e-01      
 x22.x13     -9.40345426e-01      
 x22.x14     -5.52564126e-01      
 x22.x15     -4.11387087e-01      
 x22.x16      5.95509942e-01      
 x22.x17      7.61006506e-01      
 x22.x18      4.54008243e-01      
 x22.x19      5.73785983e-01      
 x22.x20     -5.23541655e-01      
 x22.x21      3.23958044e-01      
 x22.x22    
x22.x23     -9.99847819e-01    
x22.x24     -7.30706023e-01    
x22.x25     -1.35606990e-02    
x23.x1     -9.48836849e-01      
 x23.x2     -9.38335720e-01      
 x23.x3      4.96978588e-01      
 x23.x4     -6.96539677e-01      
 x23.x5     -7.95843175e-01      
 x23.x6     -2.99018762e-01      
 x23.x7      8.29631747e-01      
 x23.x8     -2.21270945e-01      
 x23.x9     -2.86800530e-01      
 x23.x10      2.93793434e-01      
 x23.x11      6.92871884e-01      
 x23.x12      7.12708480e-01      
 x23.x13      8.71386662e-01      
 x23.x14      6.55174298e-01      
 x23.x15     -7.92247270e-01      
 x23.x16     -8.92887187e-01      
 x23.x17      1.58421665e-01      
 x23.x18      2.96992142e-01      
 x23.x19     -5.28237144e-01      
 x23.x20      9.15833208e-01      
 x23.x21     -5.22566802e-01      
 x23.x22     -9.99847819e-01      
 x23.x23    
x23.x24     -1.94454382e-01    
x23.x25      1.81860309e-02    
x24.x1      9.75862907e-01      
 x24.x2      2.13464109e-01      
 x24.x3      4.17965573e-02      
 x24.x4      6.15897445e-01      
 x24.x5      3.72046209e-01      
 x24.x6      5.83607372e-01      
 x24.x7      3.85753183e-01      
 x24.x8      4.38392567e-01      
 x24.x9     -8.43512738e-01      
 x24.x10      3.59753276e-01      
 x24.x11      4.08753202e-01      
 x24.x12      6.66666528e-01      
 x24.x13     -1.76713144e-01      
 x24.x14     -8.54368270e-01      
 x24.x15     -4.00362636e-01      
 x24.x16      8.28434380e-01      
 x24.x17     -3.74816056e-01      
 x24.x18     -9.73038272e-01      
 x24.x19     -4.29254104e-01      
 x24.x20     -4.45912423e-01      
 x24.x21      3.39143212e-01      
 x24.x22     -7.30706023e-01      
 x24.x23     -1.94454382e-01      
 x24.x24    
x24.x25     -8.26704519e-01    
x25.x1     -1.24114995e-01      
 x25.x2     -6.68235689e-01      
 x25.x3      4.38772688e-01      
 x25.x4     -4.29779239e-01      
 x25.x5      9.64285283e-02      
 x25.x6      2.76349091e-01      
 x25.x7     -4.54908075e-01      
 x25.x8      5.46341897e-02      
 x25.x9     -3.14716520e-01      
 x25.x10     -5.23037209e-01      
 x25.x11      2.62576829e-01      
 x25.x12     -3.29018056e-01      
 x25.x13     -8.70829466e-01      
 x25.x14     -2.31299087e-01      
 x25.x15      1.59868917e-01      
 x25.x16     -4.66861375e-01      
 x25.x17      3.55066721e-01      
 x25.x18     -7.99170548e-01      
 x25.x19     -4.52517754e-02      
 x25.x20     -4.64592137e-01      
 x25.x21      9.66304373e-01      
 x25.x22     -1.35606990e-02      
 x25.x23      1.81860309e-02      
 x25.x24     -8.26704519e-01      
 x25.x25    
 ;

SET mccSet(Vars,Vars)  pairs with large diff for mcc relaxation  / 
x1.x2 
  x1.x3 
  x1.x4 
  x1.x5 
  x1.x6 
  x1.x7 
  x1.x8 
  x1.x9 
  x1.x10 
  x1.x11 
  x1.x12 
  x1.x13 
  x1.x14 
  x1.x15 
  x1.x16 
  x1.x17 
  x1.x18 
  x1.x19 
  x1.x20 
  x1.x21 
  x1.x22 
  x1.x23 
  x1.x24 
  x1.x25 
  x2.x3 
  x2.x4 
  x2.x5 
  x2.x6 
  x2.x7 
  x2.x8 
  x2.x9 
  x2.x10 
  x2.x11 
  x2.x12 
  x2.x13 
  x2.x14 
  x2.x15 
  x2.x16 
  x2.x17 
  x2.x18 
  x2.x19 
  x2.x20 
  x2.x21 
  x2.x22 
  x2.x23 
  x2.x24 
  x2.x25 
  x3.x4 
  x3.x5 
  x3.x6 
  x3.x7 
  x3.x8 
  x3.x9 
  x3.x10 
  x3.x11 
  x3.x12 
  x3.x13 
  x3.x14 
  x3.x15 
  x3.x16 
  x3.x17 
  x3.x18 
  x3.x19 
  x3.x20 
  x3.x21 
  x3.x22 
  x3.x23 
  x3.x24 
  x3.x25 
  x4.x5 
  x4.x6 
  x4.x7 
  x4.x8 
  x4.x9 
  x4.x10 
  x4.x11 
  x4.x12 
  x4.x13 
  x4.x14 
  x4.x15 
  x4.x16 
  x4.x17 
  x4.x18 
  x4.x19 
  x4.x20 
  x4.x21 
  x4.x22 
  x4.x23 
  x4.x24 
  x4.x25 
  x5.x6 
  x5.x7 
  x5.x8 
  x5.x9 
  x5.x10 
  x5.x11 
  x5.x12 
  x5.x13 
  x5.x14 
  x5.x15 
  x5.x16 
  x5.x17 
  x5.x18 
  x5.x19 
  x5.x20 
  x5.x21 
  x5.x22 
  x5.x23 
  x5.x24 
  x5.x25 
  x6.x7 
  x6.x8 
  x6.x9 
  x6.x10 
  x6.x11 
  x6.x12 
  x6.x13 
  x6.x14 
  x6.x15 
  x6.x16 
  x6.x17 
  x6.x18 
  x6.x19 
  x6.x20 
  x6.x21 
  x6.x22 
  x6.x23 
  x6.x24 
  x6.x25 
  x7.x8 
  x7.x9 
  x7.x10 
  x7.x11 
  x7.x12 
  x7.x13 
  x7.x14 
  x7.x15 
  x7.x16 
  x7.x17 
  x7.x18 
  x7.x19 
  x7.x20 
  x7.x21 
  x7.x22 
  x7.x23 
  x7.x24 
  x7.x25 
  x8.x9 
  x8.x10 
  x8.x11 
  x8.x12 
  x8.x13 
  x8.x14 
  x8.x15 
  x8.x16 
  x8.x17 
  x8.x18 
  x8.x19 
  x8.x20 
  x8.x21 
  x8.x22 
  x8.x23 
  x8.x24 
  x8.x25 
  x9.x10 
  x9.x11 
  x9.x12 
  x9.x13 
  x9.x14 
  x9.x15 
  x9.x16 
  x9.x17 
  x9.x18 
  x9.x19 
  x9.x20 
  x9.x21 
  x9.x22 
  x9.x23 
  x9.x24 
  x9.x25 
  x10.x11 
  x10.x12 
  x10.x13 
  x10.x14 
  x10.x15 
  x10.x16 
  x10.x17 
  x10.x18 
  x10.x19 
  x10.x20 
  x10.x21 
  x10.x22 
  x10.x23 
