* problem 5
SET Vars   /x1*x15/;
SET QuadCons   /qc1*qc5/;
ALIAS(Vars,j,jj);
 
SET Pairs(Vars,Vars)  / 
x1.x2 ,  x1.x3 ,  x1.x4 ,  x1.x5 ,  x1.x6 ,  x1.x7 ,  x1.x8 ,  x1.x9 ,  x1.x10 ,  x1.x11 ,  x1.x12 ,  x1.x13 ,  x1.x14 ,  x1.x15 ,  x2.x3 ,  x2.x4 ,  x2.x5 ,  x2.x6 ,  x2.x7 ,  x2.x8 ,  x2.x9 ,  x2.x10 ,  x2.x11 ,  x2.x12 ,  x2.x13 ,  x2.x14 ,  x2.x15 ,  x3.x4 ,  x3.x5 ,  x3.x6 ,  x3.x7 ,  x3.x8 ,  x3.x9 ,  x3.x10 ,  x3.x11 ,  x3.x12 ,  x3.x13 ,  x3.x14 ,  x3.x15 ,  x4.x5 ,  x4.x6 ,  x4.x7 ,  x4.x8 ,  x4.x9 ,  x4.x10 ,  x4.x11 ,  x4.x12 ,  x4.x13 ,  x4.x14 ,  x4.x15 ,  x5.x6 ,  x5.x7 ,  x5.x8 ,  x5.x9 ,  x5.x10 ,  x5.x11 ,  x5.x12 ,  x5.x13 ,  x5.x14 ,  x5.x15 ,  x6.x7 ,  x6.x8 ,  x6.x9 ,  x6.x10 ,  x6.x11 ,  x6.x12 ,  x6.x13 ,  x6.x14 ,  x6.x15 ,  x7.x8 ,  x7.x9 ,  x7.x10 ,  x7.x11 ,  x7.x12 ,  x7.x13 ,  x7.x14 ,  x7.x15 ,  x8.x9 ,  x8.x10 ,  x8.x11 ,  x8.x12 ,  x8.x13 ,  x8.x14 ,  x8.x15 ,  x9.x10 ,  x9.x11 ,  x9.x12 ,  x9.x13 ,  x9.x14 ,  x9.x15 ,  x10.x11 ,  x10.x12 ,  x10.x13 ,  x10.x14 ,  x10.x15 ,  x11.x12 ,  x11.x13 ,  x11.x14 ,  x11.x15 ,  x12.x13 ,  x12.x14 ,  x12.x15 ,  x13.x14 ,  x13.x15 ,  x14.x15    / ; 

PARAMETER c0(Vars)
  /  
x1   9.34889217e-01 
x2  -8.61067093e-01 
x3   5.45203164e-01 
x4   1.85630855e-01 
x5   3.64343616e-01 
x6  -8.64906661e-01 
x7   7.67352626e-01 
x8  -2.24265400e-01 
x9   5.73898307e-01 
x10   1.99152520e-01 
x11   8.87195202e-01 
x12   1.91121760e-01 
x13  -3.57729615e-01 
x14  -5.95430303e-01 
x15   2.08551850e-01 
 / 
 
PARAMETER g(QuadCons)
  /  
qc1   4.36812294e-01 
qc2  -3.99984200e-01 
qc3   8.39205119e-01 
qc4  -1.76567854e+00 
qc5   2.13238398e+00 
 / 
 
TABLE Q0(j,jj)
                x1                 x2                 x3                 x4                 x5                 x6                 x7                 x8                 x9                 x10                 x11                 x12                 x13                 x14                 x15                
x1   0.000000000000     -1.43091158e-01      2.46102379e-01     -7.95851396e-01      6.70904364e-01      9.79894765e-01      2.39742615e-01      1.82347910e-01      1.83462193e-02      9.27402060e-01      1.36360499e-01      4.64143629e-01     -5.61073809e-01     -2.95159943e-01     -5.45810978e-01    
x2  -1.43091158e-01      0.000000000000     -5.84651949e-01      9.00370954e-01     -4.80952730e-01      5.53260279e-01     -4.83724031e-01     -5.73879925e-01      1.61899880e-01     -8.63189419e-01      7.96255829e-02      7.79641734e-01     -9.60560668e-01      8.73788149e-01     -3.45135306e-01    
x3   2.46102379e-01     -5.84651949e-01      0.000000000000      1.86637704e-01      9.80464863e-01     -5.19122845e-01      5.90866990e-01      1.78703757e-01      1.51911744e-01      6.94282305e-01     -3.50243725e-01     -3.58730995e-01      4.87889801e-01      1.21259992e-01      3.37771484e-01    
x4  -7.95851396e-01      9.00370954e-01      1.86637704e-01      0.000000000000      7.13828740e-01      4.63926755e-01      3.09291219e-01      4.50643812e-01      1.48651357e-01      2.37286856e-01      1.72773262e-02      8.70350291e-01      5.68035925e-01     -7.17891788e-01      3.67459289e-01    
x5   6.70904364e-01     -4.80952730e-01      9.80464863e-01      7.13828740e-01      0.000000000000     -7.72659614e-01      4.48010191e-01      1.22434463e-01      6.44282394e-02      3.75733456e-01     -4.51132262e-01      9.86166795e-01      8.42970232e-01     -2.95016297e-01     -6.16243447e-01    
x6   9.79894765e-01      5.53260279e-01     -5.19122845e-01      4.63926755e-01     -7.72659614e-01      0.000000000000     -1.87084135e-02      5.58106911e-01     -4.79622323e-01     -1.13625959e-01     -1.91310542e-01      6.57118727e-01      5.34098775e-02     -2.19190738e-02     -3.07520965e-02    
x7   2.39742615e-01     -4.83724031e-01      5.90866990e-01      3.09291219e-01      4.48010191e-01     -1.87084135e-02      0.000000000000     -9.04832786e-01      8.95990781e-01      8.94188950e-01     -1.38288724e-02      2.97458735e-01     -4.93919701e-01      4.35431700e-01      7.48291950e-01    
x8   1.82347910e-01     -5.73879925e-01      1.78703757e-01      4.50643812e-01      1.22434463e-01      5.58106911e-01     -9.04832786e-01      0.000000000000     -4.50756852e-01      8.19549449e-01     -3.22867712e-01      7.48552304e-01      9.89068021e-01      7.18176417e-01      2.96000424e-01    
x9   1.83462193e-02      1.61899880e-01      1.51911744e-01      1.48651357e-01      6.44282394e-02     -4.79622323e-01      8.95990781e-01     -4.50756852e-01      0.000000000000      7.91563389e-01      2.23242355e-01      6.25918768e-01     -2.58099494e-01     -8.49457218e-01     -5.93897479e-01    
x10   9.27402060e-01     -8.63189419e-01      6.94282305e-01      2.37286856e-01      3.75733456e-01     -1.13625959e-01      8.94188950e-01      8.19549449e-01      7.91563389e-01      0.000000000000     -3.14205003e-01      8.59112482e-01     -3.12806711e-01     -4.33909909e-01      7.69748911e-01    
x11   1.36360499e-01      7.96255829e-02     -3.50243725e-01      1.72773262e-02     -4.51132262e-01     -1.91310542e-01     -1.38288724e-02     -3.22867712e-01      2.23242355e-01     -3.14205003e-01      0.000000000000      6.98176534e-01     -7.62815932e-01      9.20597876e-01     -8.80538145e-01    
x12   4.64143629e-01      7.79641734e-01     -3.58730995e-01      8.70350291e-01      9.86166795e-01      6.57118727e-01      2.97458735e-01      7.48552304e-01      6.25918768e-01      8.59112482e-01      6.98176534e-01      0.000000000000     -3.96916115e-01      8.72875483e-01      8.50865794e-01    
x13  -5.61073809e-01     -9.60560668e-01      4.87889801e-01      5.68035925e-01      8.42970232e-01      5.34098775e-02     -4.93919701e-01      9.89068021e-01     -2.58099494e-01     -3.12806711e-01     -7.62815932e-01     -3.96916115e-01      0.000000000000     -6.74784128e-01     -2.24779984e-01    
x14  -2.95159943e-01      8.73788149e-01      1.21259992e-01     -7.17891788e-01     -2.95016297e-01     -2.19190738e-02      4.35431700e-01      7.18176417e-01     -8.49457218e-01     -4.33909909e-01      9.20597876e-01      8.72875483e-01     -6.74784128e-01      0.000000000000      5.21737934e-01    
x15  -5.45810978e-01     -3.45135306e-01      3.37771484e-01      3.67459289e-01     -6.16243447e-01     -3.07520965e-02      7.48291950e-01      2.96000424e-01     -5.93897479e-01      7.69748911e-01     -8.80538145e-01      8.50865794e-01     -2.24779984e-01      5.21737934e-01      0.000000000000    
 ;

TABLE cmat(QuadCons,jj)
                x1                 x2                 x3                 x4                 x5                 x6                 x7                 x8                 x9                 x10                 x11                 x12                 x13                 x14                 x15                
qc1 -9.87440171e-01     -2.95502455e-01     -1.94396994e-01     -5.23377163e-01     -9.32754588e-01      5.26929092e-01      3.69893542e-01     -1.83898854e-01     -9.23927960e-01      5.22301211e-01      9.36376685e-01     -5.02349941e-01      1.80111491e-01      9.28457154e-01      3.87118911e-02    
qc2 -7.69060756e-01      8.15612931e-01     -1.70790259e-01     -8.09421422e-01      4.15444601e-02     -6.93112535e-01     -4.13671485e-02     -4.44352082e-01      9.15620996e-01     -4.68738354e-02     -6.05678356e-01      8.54993988e-01     -6.71543081e-02      3.10401052e-01     -6.68557170e-01    
qc3 -1.10567482e-01     -7.88860845e-02     -4.61014562e-01     -7.29186417e-01     -8.07722013e-01      6.52204531e-01      8.48905066e-01      9.94373605e-01      6.23822138e-01     -9.38073450e-01     -1.83679367e-01     -7.05087984e-01     -1.55560058e-01     -3.89683229e-01      7.35180507e-01    
qc4  8.96925531e-01     -4.14046977e-01     -3.04875842e-01      2.67916737e-01      8.68579130e-01     -7.21224717e-01      2.25728959e-03     -7.82826915e-02     -9.70222525e-01     -8.09375140e-01      1.16169752e-01     -4.50074402e-01     -1.74751924e-01     -3.61668395e-01     -8.66876717e-01    
qc5 -8.38162938e-01      7.69418751e-01     -2.93044079e-01      9.21308755e-01      9.52076134e-01     -2.83721269e-02      9.88315577e-01     -4.56862041e-01      3.98956017e-01     -1.29300697e-01      4.37966522e-01      2.55805124e-01     -1.98723470e-01     -6.16932207e-01      9.72563639e-01    
 ;

TABLE Q(j,jj,QuadCons)
                      qc1                qc2                qc3                qc4                qc5               
x1.x1    
x1.x2      9.85175093e-01     -4.95831367e-01      5.34061426e-01      1.53744209e-01     -5.54136951e-01    
x1.x3      1.70427962e-01     -3.44045637e-01      7.88731317e-01     -6.15970553e-01     -1.40871858e-01    
x1.x4      7.76697580e-01     -8.70509626e-01      1.50542596e-01     -9.20363567e-01     -4.59203992e-01    
x1.x5      3.31450206e-01      3.52634855e-01      7.72491614e-01     -5.54859821e-01     -8.20501794e-01    
x1.x6     -1.66167158e-01     -3.00657882e-01      7.06105643e-01     -4.97332778e-02     -2.91286817e-02    
x1.x7     -3.85810505e-01     -6.18837922e-01      7.59754415e-01     -6.77442707e-01      7.46403501e-01    
x1.x8      6.53697901e-01     -7.54622956e-01     -8.58485409e-01     -5.23824584e-01     -9.25914953e-01    
x1.x9      1.95915720e-01      5.96247180e-01      9.45629386e-01      2.98636029e-01     -2.87228719e-01    
x1.x10     -2.67039513e-02      3.91602967e-01     -9.11383313e-01      7.99902184e-01     -1.78655460e-01    
x1.x11     -1.62733549e-01     -3.84713871e-01     -7.12354095e-01     -9.35024747e-01      7.12786088e-01    
x1.x12     -2.62880203e-01     -4.15294939e-01      1.70089845e-01     -9.08163762e-01      6.08690107e-01    
x1.x13     -2.08889459e-01     -4.45872696e-01     -5.06117511e-03     -5.75300699e-01      8.11561924e-01    
x1.x14      8.70454532e-01      3.80165851e-02     -7.63352773e-01     -8.21802003e-01     -3.20097485e-01    
x1.x15     -1.72854115e-01      4.15365224e-01      8.14772533e-01     -2.43675405e-01      3.19770322e-01    
x2.x1      9.85175093e-01     -4.95831367e-01      5.34061426e-01      1.53744209e-01     -5.54136951e-01      
 x2.x2    
x2.x3     -5.85762579e-01      1.31239905e-01      5.00120226e-01     -8.77309106e-02      3.49255353e-01    
x2.x4      6.55463455e-01      3.86430875e-01     -1.87271838e-01     -2.92935425e-01     -1.82274808e-01    
x2.x5      9.53545961e-03      9.17550685e-01      1.45371781e-01      7.90601134e-01     -2.17260969e-01    
x2.x6     -5.64389923e-01     -1.98106237e-01     -3.02660393e-01     -8.10591586e-01      8.99822757e-01    
x2.x7      4.75348834e-01     -7.12094808e-01      9.33251036e-01     -9.80123453e-01      1.78701454e-01    
x2.x8     -7.20360997e-01     -2.33519042e-01      4.76139241e-01      7.31737821e-01      8.60062454e-01    
x2.x9     -4.73487278e-01      1.57253852e-01     -7.27976510e-01     -2.52703924e-01      5.70532770e-01    
x2.x10     -3.64903014e-01     -1.95549323e-01      6.75192342e-01      5.16771460e-01     -3.45019191e-01    
x2.x11      1.96555237e-02      7.10680418e-01     -1.67671455e-01     -2.66047001e-01     -8.94888434e-01    
x2.x12      4.95409420e-01      8.45823838e-01     -8.46511689e-01      7.25314823e-01     -1.48039402e-01    
x2.x13     -4.68669861e-01      5.22047119e-01     -7.20291364e-01     -7.22247263e-02     -1.76727460e-02    
x2.x14     -8.81942659e-01     -5.83645142e-01      8.13451046e-01     -5.13421865e-01     -7.39204520e-01    
x2.x15     -9.48523604e-01     -9.32696591e-01      9.47387265e-02      8.45114557e-01      3.34968351e-01    
x3.x1      1.70427962e-01     -3.44045637e-01      7.88731317e-01     -6.15970553e-01     -1.40871858e-01      
 x3.x2     -5.85762579e-01      1.31239905e-01      5.00120226e-01     -8.77309106e-02      3.49255353e-01      
 x3.x3    
x3.x4      2.89959079e-01      3.61681424e-01     -9.37629923e-01      9.34878778e-02     -7.26930288e-01    
x3.x5      4.01884767e-01      1.57991741e-01      6.78691830e-01      2.43769347e-01      5.03224563e-01    
x3.x6      2.33619258e-01     -6.11063239e-03     -3.44284809e-01      1.99674945e-02      4.83934327e-01    
x3.x7     -7.79207868e-01      1.75589211e-01     -8.71284250e-01      6.97384970e-01     -1.67739478e-01    
x3.x8      9.22002340e-01      7.91582129e-01      1.67390237e-01     -8.57434118e-01      7.87066084e-01    
x3.x9     -1.80826482e-01      4.37482760e-01     -6.67883352e-01     -3.28427436e-02      1.89596368e-01    
x3.x10     -4.87919841e-01      4.19578288e-01      9.52983539e-01     -2.06691012e-02     -8.20024108e-01    
x3.x11      2.60934476e-01     -2.86365014e-01      9.21440623e-01     -3.01763841e-01      5.19251348e-01    
x3.x12     -5.65525178e-01      8.43845873e-01      8.26392624e-01     -8.43510070e-01     -7.12837171e-01    
x3.x13     -4.60177278e-01      6.99691637e-01      4.87229687e-01     -4.34203304e-01      3.17697994e-01    
x3.x14      7.47149928e-01      9.95024741e-02     -1.82440143e-02      4.39380225e-02     -1.53215421e-01    
x3.x15     -2.12706174e-02      8.72163094e-01     -5.72516856e-01     -3.10740266e-01      6.97467217e-01    
x4.x1      7.76697580e-01     -8.70509626e-01      1.50542596e-01     -9.20363567e-01     -4.59203992e-01      
 x4.x2      6.55463455e-01      3.86430875e-01     -1.87271838e-01     -2.92935425e-01     -1.82274808e-01      
 x4.x3      2.89959079e-01      3.61681424e-01     -9.37629923e-01      9.34878778e-02     -7.26930288e-01      
 x4.x4    
x4.x5      3.73245728e-01      7.23844978e-01      8.41942657e-01      9.78182673e-02      1.52976441e-01    
x4.x6     -9.05471401e-01     -5.50027270e-01     -7.32809979e-01      4.02570055e-01     -7.74842659e-01    
x4.x7     -5.09088984e-01      4.67710089e-01      6.26171955e-01     -5.87866766e-02      3.63838945e-01    
x4.x8      4.34516671e-01     -9.34273924e-01      5.26384782e-01      1.78991327e-01     -3.83630285e-01    
x4.x9     -4.94425468e-01     -1.24610728e-01      5.79194953e-01      6.09483699e-01     -8.55079624e-01    
x4.x10      6.33637552e-01     -3.08315453e-01      5.05571506e-01      2.10204035e-01     -6.75623292e-01    
x4.x11     -3.41833490e-01     -1.26551428e-01      7.82265161e-02     -1.65299869e-01      8.53571102e-01    
x4.x12      9.84207255e-01      7.97522505e-01      1.91908554e-01     -2.71766783e-01     -8.11933534e-01    
x4.x13      9.90417434e-01     -1.89314099e-01     -5.22739371e-01     -6.88816561e-01      6.08431838e-01    
x4.x14     -6.91373430e-01     -8.84976755e-01      5.50901033e-01     -2.94659461e-01      9.23438490e-01    
x4.x15      6.52461964e-01     -8.94485292e-01      6.87230130e-01      8.63390439e-01     -8.56674148e-02    
x5.x1      3.31450206e-01      3.52634855e-01      7.72491614e-01     -5.54859821e-01     -8.20501794e-01      
 x5.x2      9.53545961e-03      9.17550685e-01      1.45371781e-01      7.90601134e-01     -2.17260969e-01      
 x5.x3      4.01884767e-01      1.57991741e-01      6.78691830e-01      2.43769347e-01      5.03224563e-01      
 x5.x4      3.73245728e-01      7.23844978e-01      8.41942657e-01      9.78182673e-02      1.52976441e-01      
 x5.x5    
x5.x6     -4.71320762e-01      8.82272954e-01     -2.73393338e-01      5.07922249e-01      3.58689062e-01    
x5.x7      8.16323999e-01      3.64809580e-01      9.23769813e-01      8.12375312e-01     -7.36936191e-01    
x5.x8      4.52944874e-01      5.79273488e-01      4.71574051e-01      7.24102121e-01      5.42282260e-01    
x5.x9      1.56466504e-01     -1.40728812e-01      1.79897565e-01     -5.01835641e-01     -5.72078201e-01    
x5.x10      6.61224109e-01     -7.07719880e-01      3.91232457e-02     -9.34497859e-01      5.21538649e-01    
x5.x11     -4.16747050e-01     -9.34936031e-01      7.44499154e-01     -7.18697331e-01      4.21641828e-01    
x5.x12      7.56463968e-01     -8.37827809e-01     -9.02522241e-01      9.42564559e-02      1.31678538e-01    
x5.x13      8.12870150e-01     -1.57760811e-02      1.83067928e-01     -1.66369637e-01      4.98852556e-02    
x5.x14     -8.47077061e-01      5.69875129e-01      5.33362779e-01      1.72468648e-01      7.03935945e-01    
x5.x15      6.42891162e-01      4.05452887e-01     -2.13956634e-01     -7.07217311e-01      1.10592334e-01    
x6.x1     -1.66167158e-01     -3.00657882e-01      7.06105643e-01     -4.97332778e-02     -2.91286817e-02      
 x6.x2     -5.64389923e-01     -1.98106237e-01     -3.02660393e-01     -8.10591586e-01      8.99822757e-01      
 x6.x3      2.33619258e-01     -6.11063239e-03     -3.44284809e-01      1.99674945e-02      4.83934327e-01      
 x6.x4     -9.05471401e-01     -5.50027270e-01     -7.32809979e-01      4.02570055e-01     -7.74842659e-01      
 x6.x5     -4.71320762e-01      8.82272954e-01     -2.73393338e-01      5.07922249e-01      3.58689062e-01      
 x6.x6    
x6.x7      8.30844675e-01      6.04057414e-01     -3.17159510e-01      5.46522855e-03      6.92599708e-01    
x6.x8     -9.02060209e-01     -3.83759199e-01      5.22152721e-01      3.46832661e-01      8.85197070e-01    
x6.x9      8.06858043e-06     -7.33163102e-01      1.70442514e-01     -7.04559278e-01     -4.14687262e-01    
x6.x10     -2.69477589e-01      3.70754394e-01      3.87485945e-01     -6.78627530e-01      7.55958511e-01    
x6.x11      2.62921153e-01      3.75157207e-01     -2.47930485e-01      1.32593331e-01     -5.33982245e-03    
x6.x12      9.69611833e-01     -6.27999955e-01     -4.23661467e-01      2.86147149e-01      4.52267991e-01    
x6.x13      4.86348555e-01      6.34233948e-01     -5.96882612e-01      4.55862219e-01      4.94304098e-01    
x6.x14     -2.81717219e-01     -5.35779894e-01      1.01399335e-01      1.31180059e-01     -7.94818526e-01    
x6.x15      7.78015274e-01      6.64941228e-01     -5.74036530e-01     -2.93347579e-01     -3.97827130e-01    
x7.x1     -3.85810505e-01     -6.18837922e-01      7.59754415e-01     -6.77442707e-01      7.46403501e-01      
 x7.x2      4.75348834e-01     -7.12094808e-01      9.33251036e-01     -9.80123453e-01      1.78701454e-01      
 x7.x3     -7.79207868e-01      1.75589211e-01     -8.71284250e-01      6.97384970e-01     -1.67739478e-01      
 x7.x4     -5.09088984e-01      4.67710089e-01      6.26171955e-01     -5.87866766e-02      3.63838945e-01      
 x7.x5      8.16323999e-01      3.64809580e-01      9.23769813e-01      8.12375312e-01     -7.36936191e-01      
 x7.x6      8.30844675e-01      6.04057414e-01     -3.17159510e-01      5.46522855e-03      6.92599708e-01      
 x7.x7    
x7.x8     -5.92167589e-01     -7.80609197e-01     -8.81702988e-01     -8.54405441e-01      7.17080122e-01    
x7.x9      6.89275271e-01      8.88090657e-01      1.77121223e-01     -1.06550452e-01      3.67266203e-01    
x7.x10      5.74663477e-01      3.67720490e-01      8.79745598e-01      4.18843683e-01     -5.20398858e-01    
x7.x11      6.57234827e-01     -1.16258829e-01      4.38572564e-01      2.67851034e-01     -7.00155682e-01    
x7.x12      4.27840363e-02     -8.02658324e-03     -9.06327558e-01     -3.51137303e-02     -3.45372065e-01    
x7.x13      8.96841329e-01      5.79370728e-01      6.99776435e-01      3.58232403e-01      7.83854974e-01    
x7.x14     -9.47428321e-01     -4.88228598e-01      5.23951270e-01     -1.44116082e-01     -4.04173682e-01    
x7.x15      5.42550624e-01     -6.74222271e-02      2.27148078e-01      3.51308680e-01     -7.47447764e-01    
x8.x1      6.53697901e-01     -7.54622956e-01     -8.58485409e-01     -5.23824584e-01     -9.25914953e-01      
 x8.x2     -7.20360997e-01     -2.33519042e-01      4.76139241e-01      7.31737821e-01      8.60062454e-01      
 x8.x3      9.22002340e-01      7.91582129e-01      1.67390237e-01     -8.57434118e-01      7.87066084e-01      
 x8.x4      4.34516671e-01     -9.34273924e-01      5.26384782e-01      1.78991327e-01     -3.83630285e-01      
 x8.x5      4.52944874e-01      5.79273488e-01      4.71574051e-01      7.24102121e-01      5.42282260e-01      
 x8.x6     -9.02060209e-01     -3.83759199e-01      5.22152721e-01      3.46832661e-01      8.85197070e-01      
 x8.x7     -5.92167589e-01     -7.80609197e-01     -8.81702988e-01     -8.54405441e-01      7.17080122e-01      
 x8.x8    
x8.x9     -8.01586805e-01     -7.79196525e-03     -7.85888151e-03     -6.67737782e-01      8.58249081e-01    
x8.x10     -1.61398777e-01     -4.70456122e-01     -9.64283978e-01     -2.41867358e-01      6.95909858e-02    
x8.x11      5.86865286e-01      4.62713508e-01      8.18181637e-01      7.69326593e-01      8.47104704e-01    
x8.x12      2.16678106e-03      8.09844246e-01     -4.68097088e-01     -3.30072406e-01      9.55091479e-01    
x8.x13     -9.32525310e-01     -8.38285764e-01      9.30156846e-01     -4.59821190e-01     -8.18231169e-01    
x8.x14     -9.23288516e-01     -2.02610625e-01      4.85452236e-01      8.19514928e-01      9.23716454e-02    
x8.x15      3.39702083e-01     -8.16023198e-01      3.80893707e-01      7.76531613e-01      7.11857872e-01    
x9.x1      1.95915720e-01      5.96247180e-01      9.45629386e-01      2.98636029e-01     -2.87228719e-01      
 x9.x2     -4.73487278e-01      1.57253852e-01     -7.27976510e-01     -2.52703924e-01      5.70532770e-01      
 x9.x3     -1.80826482e-01      4.37482760e-01     -6.67883352e-01     -3.28427436e-02      1.89596368e-01      
 x9.x4     -4.94425468e-01     -1.24610728e-01      5.79194953e-01      6.09483699e-01     -8.55079624e-01      
 x9.x5      1.56466504e-01     -1.40728812e-01      1.79897565e-01     -5.01835641e-01     -5.72078201e-01      
 x9.x6      8.06858043e-06     -7.33163102e-01      1.70442514e-01     -7.04559278e-01     -4.14687262e-01      
 x9.x7      6.89275271e-01      8.88090657e-01      1.77121223e-01     -1.06550452e-01      3.67266203e-01      
 x9.x8     -8.01586805e-01     -7.79196525e-03     -7.85888151e-03     -6.67737782e-01      8.58249081e-01      
 x9.x9    
x9.x10     -6.96750817e-01     -6.95250911e-01     -9.59396590e-01      7.90154043e-01      3.00067714e-01    
x9.x11     -3.57128807e-01     -6.87437072e-02     -4.08514579e-01     -2.27951649e-01      8.57840088e-03    
x9.x12     -3.97155794e-02      4.18958797e-02     -6.15023162e-01      8.75826701e-02     -9.15616215e-01    
x9.x13     -3.73757789e-01      2.36539229e-01      5.54280202e-01     -1.66536761e-02      6.87714891e-01    
x9.x14     -2.43826058e-01      5.87989450e-01      7.49335386e-01      2.40088011e-01      5.67672134e-01    
x9.x15      4.14949818e-01     -1.67647649e-01      8.60316960e-01      3.76216270e-01     -7.50638559e-01    
x10.x1     -2.67039513e-02      3.91602967e-01     -9.11383313e-01      7.99902184e-01     -1.78655460e-01      
 x10.x2     -3.64903014e-01     -1.95549323e-01      6.75192342e-01      5.16771460e-01     -3.45019191e-01      
 x10.x3     -4.87919841e-01      4.19578288e-01      9.52983539e-01     -2.06691012e-02     -8.20024108e-01      
 x10.x4      6.33637552e-01     -3.08315453e-01      5.05571506e-01      2.10204035e-01     -6.75623292e-01      
 x10.x5      6.61224109e-01     -7.07719880e-01      3.91232457e-02     -9.34497859e-01      5.21538649e-01      
 x10.x6     -2.69477589e-01      3.70754394e-01      3.87485945e-01     -6.78627530e-01      7.55958511e-01      
 x10.x7      5.74663477e-01      3.67720490e-01      8.79745598e-01      4.18843683e-01     -5.20398858e-01      
 x10.x8     -1.61398777e-01     -4.70456122e-01     -9.64283978e-01     -2.41867358e-01      6.95909858e-02      
 x10.x9     -6.96750817e-01     -6.95250911e-01     -9.59396590e-01      7.90154043e-01      3.00067714e-01      
 x10.x10    
x10.x11      4.19784871e-01      3.46092164e-02      1.03078960e-01     -5.43577907e-01     -1.49536735e-02    
x10.x12      2.38530824e-01     -2.08779883e-01     -1.90047013e-01      4.36790565e-01     -3.60809699e-01    
x10.x13     -2.98568427e-01      3.32126636e-01     -4.37062624e-01     -2.22589376e-01     -1.81993261e-01    
x10.x14      4.14832409e-01     -9.00006960e-01      7.42042351e-01     -7.20683093e-01      7.36733596e-01    
x10.x15      6.68791743e-01      8.07560276e-01     -9.75364067e-01     -8.59061613e-02     -7.40334163e-01    
x11.x1     -1.62733549e-01     -3.84713871e-01     -7.12354095e-01     -9.35024747e-01      7.12786088e-01      
 x11.x2      1.96555237e-02      7.10680418e-01     -1.67671455e-01     -2.66047001e-01     -8.94888434e-01      
 x11.x3      2.60934476e-01     -2.86365014e-01      9.21440623e-01     -3.01763841e-01      5.19251348e-01      
 x11.x4     -3.41833490e-01     -1.26551428e-01      7.82265161e-02     -1.65299869e-01      8.53571102e-01      
 x11.x5     -4.16747050e-01     -9.34936031e-01      7.44499154e-01     -7.18697331e-01      4.21641828e-01      
 x11.x6      2.62921153e-01      3.75157207e-01     -2.47930485e-01      1.32593331e-01     -5.33982245e-03      
 x11.x7      6.57234827e-01     -1.16258829e-01      4.38572564e-01      2.67851034e-01     -7.00155682e-01      
 x11.x8      5.86865286e-01      4.62713508e-01      8.18181637e-01      7.69326593e-01      8.47104704e-01      
 x11.x9     -3.57128807e-01     -6.87437072e-02     -4.08514579e-01     -2.27951649e-01      8.57840088e-03      
 x11.x10      4.19784871e-01      3.46092164e-02      1.03078960e-01     -5.43577907e-01     -1.49536735e-02      
 x11.x11    
x11.x12     -1.16320262e-01      8.83152357e-01     -5.62431419e-01      5.46218371e-01      7.77130878e-01    
x11.x13      3.82917081e-01      7.43211266e-01      8.85543794e-01      7.89173360e-01      4.35392033e-01    
x11.x14     -1.73492209e-01      8.14833946e-02     -4.96666913e-01     -3.34630263e-01     -2.32805248e-01    
x11.x15     -5.57591771e-02     -3.08735975e-01      2.13058838e-01     -1.86091822e-01     -6.23512563e-01    
x12.x1     -2.62880203e-01     -4.15294939e-01      1.70089845e-01     -9.08163762e-01      6.08690107e-01      
 x12.x2      4.95409420e-01      8.45823838e-01     -8.46511689e-01      7.25314823e-01     -1.48039402e-01      
 x12.x3     -5.65525178e-01      8.43845873e-01      8.26392624e-01     -8.43510070e-01     -7.12837171e-01      
 x12.x4      9.84207255e-01      7.97522505e-01      1.91908554e-01     -2.71766783e-01     -8.11933534e-01      
 x12.x5      7.56463968e-01     -8.37827809e-01     -9.02522241e-01      9.42564559e-02      1.31678538e-01      
 x12.x6      9.69611833e-01     -6.27999955e-01     -4.23661467e-01      2.86147149e-01      4.52267991e-01      
 x12.x7      4.27840363e-02     -8.02658324e-03     -9.06327558e-01     -3.51137303e-02     -3.45372065e-01      
 x12.x8      2.16678106e-03      8.09844246e-01     -4.68097088e-01     -3.30072406e-01      9.55091479e-01      
 x12.x9     -3.97155794e-02      4.18958797e-02     -6.15023162e-01      8.75826701e-02     -9.15616215e-01      
 x12.x10      2.38530824e-01     -2.08779883e-01     -1.90047013e-01      4.36790565e-01     -3.60809699e-01      
 x12.x11     -1.16320262e-01      8.83152357e-01     -5.62431419e-01      5.46218371e-01      7.77130878e-01      
 x12.x12    
x12.x13      9.06129440e-01     -7.53216998e-01     -1.60892922e-01      3.23892472e-01     -9.61791031e-01    
x12.x14      2.49445787e-01      6.46740968e-01     -9.45305673e-01      9.79006972e-01      5.92569044e-01    
x12.x15      5.56862704e-01     -4.58818941e-01     -3.64631300e-01     -9.93308235e-01     -1.88432549e-01    
x13.x1     -2.08889459e-01     -4.45872696e-01     -5.06117511e-03     -5.75300699e-01      8.11561924e-01      
 x13.x2     -4.68669861e-01      5.22047119e-01     -7.20291364e-01     -7.22247263e-02     -1.76727460e-02      
 x13.x3     -4.60177278e-01      6.99691637e-01      4.87229687e-01     -4.34203304e-01      3.17697994e-01      
 x13.x4      9.90417434e-01     -1.89314099e-01     -5.22739371e-01     -6.88816561e-01      6.08431838e-01      
 x13.x5      8.12870150e-01     -1.57760811e-02      1.83067928e-01     -1.66369637e-01      4.98852556e-02      
 x13.x6      4.86348555e-01      6.34233948e-01     -5.96882612e-01      4.55862219e-01      4.94304098e-01      
 x13.x7      8.96841329e-01      5.79370728e-01      6.99776435e-01      3.58232403e-01      7.83854974e-01      
 x13.x8     -9.32525310e-01     -8.38285764e-01      9.30156846e-01     -4.59821190e-01     -8.18231169e-01      
 x13.x9     -3.73757789e-01      2.36539229e-01      5.54280202e-01     -1.66536761e-02      6.87714891e-01      
 x13.x10     -2.98568427e-01      3.32126636e-01     -4.37062624e-01     -2.22589376e-01     -1.81993261e-01      
 x13.x11      3.82917081e-01      7.43211266e-01      8.85543794e-01      7.89173360e-01      4.35392033e-01      
 x13.x12      9.06129440e-01     -7.53216998e-01     -1.60892922e-01      3.23892472e-01     -9.61791031e-01      
 x13.x13    
x13.x14     -1.53338031e-01      7.57450754e-01      7.34802450e-01      7.58154169e-01     -5.54130113e-01    
x13.x15      6.73449724e-01     -9.09039862e-01      5.99246627e-01      5.70429705e-01     -1.55447900e-01    
x14.x1      8.70454532e-01      3.80165851e-02     -7.63352773e-01     -8.21802003e-01     -3.20097485e-01      
 x14.x2     -8.81942659e-01     -5.83645142e-01      8.13451046e-01     -5.13421865e-01     -7.39204520e-01      
 x14.x3      7.47149928e-01      9.95024741e-02     -1.82440143e-02      4.39380225e-02     -1.53215421e-01      
 x14.x4     -6.91373430e-01     -8.84976755e-01      5.50901033e-01     -2.94659461e-01      9.23438490e-01      
 x14.x5     -8.47077061e-01      5.69875129e-01      5.33362779e-01      1.72468648e-01      7.03935945e-01      
 x14.x6     -2.81717219e-01     -5.35779894e-01      1.01399335e-01      1.31180059e-01     -7.94818526e-01      
 x14.x7     -9.47428321e-01     -4.88228598e-01      5.23951270e-01     -1.44116082e-01     -4.04173682e-01      
 x14.x8     -9.23288516e-01     -2.02610625e-01      4.85452236e-01      8.19514928e-01      9.23716454e-02      
 x14.x9     -2.43826058e-01      5.87989450e-01      7.49335386e-01      2.40088011e-01      5.67672134e-01      
 x14.x10      4.14832409e-01     -9.00006960e-01      7.42042351e-01     -7.20683093e-01      7.36733596e-01      
 x14.x11     -1.73492209e-01      8.14833946e-02     -4.96666913e-01     -3.34630263e-01     -2.32805248e-01      
 x14.x12      2.49445787e-01      6.46740968e-01     -9.45305673e-01      9.79006972e-01      5.92569044e-01      
 x14.x13     -1.53338031e-01      7.57450754e-01      7.34802450e-01      7.58154169e-01     -5.54130113e-01      
 x14.x14    
x14.x15     -7.03362728e-01      4.63170583e-01     -6.64481726e-01      6.80088104e-01     -1.37372208e-01    
x15.x1     -1.72854115e-01      4.15365224e-01      8.14772533e-01     -2.43675405e-01      3.19770322e-01      
 x15.x2     -9.48523604e-01     -9.32696591e-01      9.47387265e-02      8.45114557e-01      3.34968351e-01      
 x15.x3     -2.12706174e-02      8.72163094e-01     -5.72516856e-01     -3.10740266e-01      6.97467217e-01      
 x15.x4      6.52461964e-01     -8.94485292e-01      6.87230130e-01      8.63390439e-01     -8.56674148e-02      
 x15.x5      6.42891162e-01      4.05452887e-01     -2.13956634e-01     -7.07217311e-01      1.10592334e-01      
 x15.x6      7.78015274e-01      6.64941228e-01     -5.74036530e-01     -2.93347579e-01     -3.97827130e-01      
 x15.x7      5.42550624e-01     -6.74222271e-02      2.27148078e-01      3.51308680e-01     -7.47447764e-01      
 x15.x8      3.39702083e-01     -8.16023198e-01      3.80893707e-01      7.76531613e-01      7.11857872e-01      
 x15.x9      4.14949818e-01     -1.67647649e-01      8.60316960e-01      3.76216270e-01     -7.50638559e-01      
 x15.x10      6.68791743e-01      8.07560276e-01     -9.75364067e-01     -8.59061613e-02     -7.40334163e-01      
 x15.x11     -5.57591771e-02     -3.08735975e-01      2.13058838e-01     -1.86091822e-01     -6.23512563e-01      
 x15.x12      5.56862704e-01     -4.58818941e-01     -3.64631300e-01     -9.93308235e-01     -1.88432549e-01      
 x15.x13      6.73449724e-01     -9.09039862e-01      5.99246627e-01      5.70429705e-01     -1.55447900e-01      
 x15.x14     -7.03362728e-01      4.63170583e-01     -6.64481726e-01      6.80088104e-01     -1.37372208e-01      
 x15.x15    
 ;

SET mccSet(Vars,Vars)  pairs with large diff for mcc relaxation  / 
x1.x4 
  x1.x6 
  x1.x10 
  x1.x11 
  x1.x15 
  x2.x4 
  x2.x9 
  x2.x10 
  x2.x11 
  x2.x12 
  x2.x13 
  x3.x4 
  x3.x10 
  x3.x11 
  x3.x12 
  x3.x13 
  x3.x14 
  x4.x6 
  x4.x10 
  x4.x13 
  x5.x10 
  x5.x11 
  x5.x13 
  x5.x15 
  x6.x8 
  x6.x10 
  x6.x12 
  x6.x13 
  x6.x14 
  x8.x9 
  x8.x10 
  x8.x11 
  x8.x13 
  x8.x14 
  x9.x10 
  x9.x15 
  x10.x12 
  x10.x13 
  x10.x14 
  x10.x15 
  x11.x14 
  x11.x15 
  x12.x14 
  x13.x14 
  x14.x15 
   / ; 

SET socSet(Vars,Vars)  pairs with large diff for soc relaxation  / 
x1.x2 
  x1.x3 
  x1.x5 
  x1.x8 
  x1.x9 
  x1.x10 
  x1.x12 
  x1.x13 
  x1.x14 
  x1.x15 
  x2.x3 
  x2.x5 
  x2.x6 
  x2.x7 
  x2.x8 
  x2.x10 
  x2.x14 
  x2.x15 
  x3.x4 
  x3.x5 
  x3.x6 
  x3.x7 
  x3.x8 
  x3.x9 
  x3.x10 
  x3.x14 
  x3.x15 
  x4.x5 
  x4.x7 
  x4.x8 
  x4.x9 
  x4.x10 
  x4.x12 
  x4.x14 
  x4.x15 
  x5.x6 
  x5.x7 
  x5.x8 
  x5.x12 
  x5.x14 
  x5.x15 
  x6.x8 
  x6.x9 
  x6.x10 
  x6.x11 
  x6.x13 
  x6.x14 
  x6.x15 
  x7.x8 
  x7.x9 
  x7.x10 
  x7.x11 
  x7.x12 
  x7.x13 
  x7.x14 
  x7.x15 
  x8.x9 
  x8.x10 
  x8.x12 
  x8.x13 
  x8.x14 
  x8.x15 
  x9.x10 
  x9.x11 
  x9.x12 
  x9.x13 
  x9.x14 
  x9.x15 
  x10.x12 
  x10.x13 
  x10.x14 
  x10.x15 
  x11.x12 
  x11.x13 
  x11.x14 
  x11.x15 
  x12.x13 
  x12.x14 
  x12.x15 
  x13.x14 
  x13.x15 
  x14.x15 
   / ; 

SET UseSOC(Vars,Vars);
SET notSOC(Vars,Vars);
UseSOC(Vars,Vars)=no;
UseSOC(mccSet)=yes;
UseSOC(socSet)=no;
notSOC(Vars,Vars)=no;
notSOC(Pairs)=yes;
notSOC(UseSOC)=no;
*problem 5 : LBmcc  -3.62539276e+00, LBsocpP  -1.45372579e+00, UBo   2.69157273e+00
 
POSITIVE VARIABLES x(j);

POSITIVE VARIABLES w(j,jj);

VARIABLES z;

EQUATIONS
   OBJective
   xub(j)
   wx(j,jj)
   cQ(QuadCons)
   conLBP(j,jj)
   conUBP(j,jj)
   conLBM(j,jj)
   conUBM(j,jj)
   McC1(j,jj)
   McC2(j,jj)
   McC3(j,jj)
   soc1(j,jj)
   soc2(j,jj)
*   wsym(j,jj)
;

OBJective.. z =e= SUM(j, c0(j) * x(j))
  + 0.5 * SUM((j,jj)$Pairs(j,jj), Q0(j,jj) *w(j,jj));

xub(j)..  x(j) =l= 1;

wx(j,jj)$Pairs(j,jj)..  w(j,jj) =e= x(j)*x(jj);

cQ(QuadCons).. g(QuadCons) =g=
  SUM(j, cmat(QuadCons,j)*x(j)) +
  0.5 * SUM((j,jj)$Pairs(j,jj), Q(j,jj,QuadCons) *w(j,jj));

conLBP(j,jj)$(ord(jj) gt ord(j)) .. 0.5 =l= x(jj) + x(j);

conUBP(j,jj)$(ord(jj) gt ord(j)) .. 1.5 =g= x(jj) + x(j);

conLBM(j,jj)$(ord(jj) gt ord(j)) .. -0.5 =l= x(jj) - x(j);

conUBM(j,jj)$(ord(jj) gt ord(j)) .. 0.5 =g= x(jj) - x(j);

McC1(j,jj)$Pairs(j,jj) .. w(j,jj) =g= x(j) + x(jj) - 1;

McC2(j,jj)$Pairs(j,jj) .. w(j,jj) =l= x(j);

McC3(j,jj)$Pairs(j,jj) .. w(j,jj) =l= x(jj);

soc1(j,jj)$Pairs(j,jj) .. sqr(x(j) + x(jj)) =l= 4*w(j,jj) + 0.25 ;

soc2(j,jj)$Pairs(j,jj) .. sqr(x(j) - x(jj)) =l= -4*w(j,jj) + 2*(x(j)+x(jj))
               - 0.75;

*wsym(j,jj) .. w(j,jj) =e= w(jj,j);

model diam  /all/;

solve diam using nlp minimizing z;

