* problem 2
SET Vars   /x1*x15/;
SET QuadCons   /qc1*qc5/;
ALIAS(Vars,j,jj);
 
SET Pairs(Vars,Vars)  / 
x1.x2 ,  x1.x3 ,  x1.x4 ,  x1.x5 ,  x1.x6 ,  x1.x7 ,  x1.x8 ,  x1.x9 ,  x1.x10 ,  x1.x11 ,  x1.x12 ,  x1.x13 ,  x1.x14 ,  x1.x15 ,  x2.x3 ,  x2.x4 ,  x2.x5 ,  x2.x6 ,  x2.x7 ,  x2.x8 ,  x2.x9 ,  x2.x10 ,  x2.x11 ,  x2.x12 ,  x2.x13 ,  x2.x14 ,  x2.x15 ,  x3.x4 ,  x3.x5 ,  x3.x6 ,  x3.x7 ,  x3.x8 ,  x3.x9 ,  x3.x10 ,  x3.x11 ,  x3.x12 ,  x3.x13 ,  x3.x14 ,  x3.x15 ,  x4.x5 ,  x4.x6 ,  x4.x7 ,  x4.x8 ,  x4.x9 ,  x4.x10 ,  x4.x11 ,  x4.x12 ,  x4.x13 ,  x4.x14 ,  x4.x15 ,  x5.x6 ,  x5.x7 ,  x5.x8 ,  x5.x9 ,  x5.x10 ,  x5.x11 ,  x5.x12 ,  x5.x13 ,  x5.x14 ,  x5.x15 ,  x6.x7 ,  x6.x8 ,  x6.x9 ,  x6.x10 ,  x6.x11 ,  x6.x12 ,  x6.x13 ,  x6.x14 ,  x6.x15 ,  x7.x8 ,  x7.x9 ,  x7.x10 ,  x7.x11 ,  x7.x12 ,  x7.x13 ,  x7.x14 ,  x7.x15 ,  x8.x9 ,  x8.x10 ,  x8.x11 ,  x8.x12 ,  x8.x13 ,  x8.x14 ,  x8.x15 ,  x9.x10 ,  x9.x11 ,  x9.x12 ,  x9.x13 ,  x9.x14 ,  x9.x15 ,  x10.x11 ,  x10.x12 ,  x10.x13 ,  x10.x14 ,  x10.x15 ,  x11.x12 ,  x11.x13 ,  x11.x14 ,  x11.x15 ,  x12.x13 ,  x12.x14 ,  x12.x15 ,  x13.x14 ,  x13.x15 ,  x14.x15    / ; 

PARAMETER c0(Vars)
  /  
x1   9.75862907e-01 
x2  -9.71371452e-01 
x3  -1.24114995e-01 
x4   4.33899690e-01 
x5  -2.54671310e-01 
x6   2.98068466e-01 
x7  -3.49802674e-01 
x8  -7.31850229e-01 
x9   4.88106470e-01 
x10  -4.95072898e-02 
x11   2.53969405e-01 
x12   1.68115717e-01 
x13   1.48772112e-01 
x14   8.89593015e-01 
x15  -5.12212500e-01 
 / 
 
PARAMETER g(QuadCons)
  /  
qc1  -6.11855856e-01 
qc2  -6.69484716e-01 
qc3  -1.28619611e-01 
qc4   8.45352977e-01 
qc5   1.52003085e+00 
 / 
 
TABLE Q0(j,jj)
                x1                 x2                 x3                 x4                 x5                 x6                 x7                 x8                 x9                 x10                 x11                 x12                 x13                 x14                 x15                
x1   0.000000000000     -1.65436755e-01     -8.55725309e-01      9.36699421e-01      6.38181092e-01      9.70489479e-01     -7.99685067e-01     -4.07782686e-01      9.26483111e-01      2.87685753e-01      8.20712550e-01      4.35501593e-01      9.22337978e-01      7.59080921e-01      2.87356510e-01    
x2  -1.65436755e-01      0.000000000000      6.70104665e-01      2.17423551e-01     -7.98987557e-02      6.60401211e-01      3.04187689e-01     -7.74655815e-01      6.50201507e-01      4.83327729e-01      7.02768067e-01      5.96679772e-02     -9.17200748e-01     -8.70111844e-01      4.90091160e-01    
x3  -8.55725309e-01      6.70104665e-01      0.000000000000     -5.89688306e-01     -1.06552493e-01      1.65515479e-01     -4.26067275e-01     -2.53200577e-01      5.81404111e-01      1.88156607e-02      3.78106123e-01      3.35378064e-01     -6.18031444e-01      1.38948457e-01     -3.02277148e-01    
x4   9.36699421e-01      2.17423551e-01     -5.89688306e-01      0.000000000000      9.11019409e-01     -1.33467345e-01      7.42181170e-01      4.99350779e-01     -3.36523916e-01      4.58470043e-01     -4.62909906e-01      6.88262978e-02      5.33800870e-01      8.81046580e-01      4.27135618e-01    
x5   6.38181092e-01     -7.98987557e-02     -1.06552493e-01      9.11019409e-01      0.000000000000     -7.22548747e-01     -9.58273605e-01     -7.94986062e-01      2.13922193e-01      1.06372695e-01      3.22280521e-01     -3.76860259e-01     -1.57304105e-01      6.00227066e-01     -6.04988420e-01    
x6   9.70489479e-01      6.60401211e-01      1.65515479e-01     -1.33467345e-01     -7.22548747e-01      0.000000000000      4.11047789e-01      1.52881100e-01      6.77060606e-01      9.43947240e-01     -1.77734187e-01     -7.00390122e-01     -6.18690121e-01      8.95023915e-01      9.09171426e-01    
x7  -7.99685067e-01      3.04187689e-01     -4.26067275e-01      7.42181170e-01     -9.58273605e-01      4.11047789e-01      0.000000000000      5.38332264e-01     -5.15752085e-01      8.26884388e-01     -4.86127718e-01     -6.23682473e-02      3.30749381e-01      9.26912519e-01     -9.93544586e-01    
x8  -4.07782686e-01     -7.74655815e-01     -2.53200577e-01      4.99350779e-01     -7.94986062e-01      1.52881100e-01      5.38332264e-01      0.000000000000      3.12170032e-01     -1.86774199e-01      3.48545626e-01     -1.12877323e-01      7.08154552e-01      3.75791405e-01     -7.31150464e-01    
x9   9.26483111e-01      6.50201507e-01      5.81404111e-01     -3.36523916e-01      2.13922193e-01      6.77060606e-01     -5.15752085e-01      3.12170032e-01      0.000000000000      7.03445460e-01     -7.22238457e-01      1.07873098e-02     -9.30982126e-01     -7.06385966e-02      9.92215109e-01    
x10   2.87685753e-01      4.83327729e-01      1.88156607e-02      4.58470043e-01      1.06372695e-01      9.43947240e-01      8.26884388e-01     -1.86774199e-01      7.03445460e-01      0.000000000000     -9.47444171e-01     -9.30946610e-01      6.22805764e-01     -2.62185912e-01     -8.53214938e-01    
x11   8.20712550e-01      7.02768067e-01      3.78106123e-01     -4.62909906e-01      3.22280521e-01     -1.77734187e-01     -4.86127718e-01      3.48545626e-01     -7.22238457e-01     -9.47444171e-01      0.000000000000      9.33427349e-01      8.90043172e-01     -1.76437172e-01      9.40539876e-01    
x12   4.35501593e-01      5.96679772e-02      3.35378064e-01      6.88262978e-02     -3.76860259e-01     -7.00390122e-01     -6.23682473e-02     -1.12877323e-01      1.07873098e-02     -9.30946610e-01      9.33427349e-01      0.000000000000      7.00218845e-01      8.25337120e-01      6.80040417e-01    
x13   9.22337978e-01     -9.17200748e-01     -6.18031444e-01      5.33800870e-01     -1.57304105e-01     -6.18690121e-01      3.30749381e-01      7.08154552e-01     -9.30982126e-01      6.22805764e-01      8.90043172e-01      7.00218845e-01      0.000000000000     -9.00062394e-01     -4.00969293e-01    
x14   7.59080921e-01     -8.70111844e-01      1.38948457e-01      8.81046580e-01      6.00227066e-01      8.95023915e-01      9.26912519e-01      3.75791405e-01     -7.06385966e-02     -2.62185912e-01     -1.76437172e-01      8.25337120e-01     -9.00062394e-01      0.000000000000     -8.59039588e-01    
x15   2.87356510e-01      4.90091160e-01     -3.02277148e-01      4.27135618e-01     -6.04988420e-01      9.09171426e-01     -9.93544586e-01     -7.31150464e-01      9.92215109e-01     -8.53214938e-01      9.40539876e-01      6.80040417e-01     -4.00969293e-01     -8.59039588e-01      0.000000000000    
 ;

TABLE cmat(QuadCons,jj)
                x1                 x2                 x3                 x4                 x5                 x6                 x7                 x8                 x9                 x10                 x11                 x12                 x13                 x14                 x15                
qc1 -9.57947315e-01     -3.14093028e-01      3.23660823e-01     -4.47555926e-01     -1.39460253e-01      1.09534735e-01      1.39248290e-02      2.88713135e-01     -8.75292420e-01      5.70441164e-01      8.54611858e-01      4.50466728e-01     -6.26629134e-01     -3.30828155e-01      5.21570883e-01    
qc2 -7.98652877e-01      1.28701124e-02     -1.52812741e-01     -3.72493376e-02      6.85970281e-01      2.91551388e-02     -1.76962399e-01     -7.80200898e-01      8.99436241e-01     -4.49240535e-02      6.27441361e-01     -3.65089105e-03     -9.25448705e-01     -6.58525284e-01      7.67115366e-01    
qc3  6.02947292e-01     -7.87989405e-01     -8.29036154e-01      3.02836339e-01      2.83575285e-01     -1.42224299e-01      9.17284671e-01     -3.90603933e-01     -5.74202170e-02      1.41495588e-02     -9.87241056e-01     -2.55808670e-01     -6.15670441e-01     -4.92348989e-01     -1.13789473e-01    
qc4  6.81970869e-02     -6.42415721e-02     -5.84824497e-01      2.31938487e-01      9.88600596e-01     -9.06092563e-01      7.07832713e-01      9.39454059e-01     -4.74438515e-01      9.94716568e-02      4.97380569e-01      4.70254187e-01      5.27635252e-01     -1.24114279e-01     -9.76237269e-01    
qc5  9.79613253e-01      6.95033108e-01      6.49053646e-01     -5.72344347e-01      5.02143337e-01      9.61025937e-01     -6.12111749e-01     -2.42255131e-01      6.71398906e-01      2.70261381e-01     -1.80110678e-01     -4.58163500e-01      3.56723672e-01      8.67109149e-02      4.53891493e-01    
 ;

TABLE Q(j,jj,QuadCons)
                      qc1                qc2                qc3                qc4                qc5               
x1.x1    
x1.x2      6.66772959e-01     -9.76303769e-01     -1.70023513e-01      9.05794250e-01      4.73907749e-01    
x1.x3     -4.13590975e-02     -5.08660561e-01      4.43452685e-01      8.42924953e-01     -1.44503238e-01    
x1.x4     -4.43934630e-01     -1.82996308e-01      8.03564474e-01      9.60386018e-01     -3.23328760e-02    
x1.x5     -8.95684296e-01     -3.60502297e-01      6.46257694e-02     -2.02448994e-01     -7.17227660e-01    
x1.x6      4.04608131e-01     -8.61868117e-02     -8.79416891e-01     -8.66461897e-01     -9.38335720e-01    
x1.x7      2.13464109e-01     -9.32343698e-01     -6.68235689e-01      7.51366418e-01     -2.27120084e-01    
x1.x8      6.57463189e-01      9.70091521e-02     -5.79109439e-01     -8.68865570e-01     -5.04041457e-01    
x1.x9      1.69977688e-01     -8.42562910e-03     -5.30323618e-01      2.82744900e-01      2.55867301e-02    
x1.x10      4.10417042e-01     -7.66575919e-01     -5.36565577e-01     -6.28287635e-01      6.96649978e-01    
x1.x11     -5.06162342e-01     -4.04114103e-01      6.40098950e-01     -9.56123187e-01     -5.76586195e-01    
x1.x12     -4.70675892e-01     -3.67061755e-01     -8.31765083e-01     -2.94941728e-01      5.18990976e-01    
x1.x13      3.37886178e-01     -6.74739807e-01     -7.25666755e-01      9.16684349e-01      3.91749870e-01    
x1.x14      4.96978588e-01     -2.00691353e-01      4.17965573e-02     -6.87391202e-01      4.38772688e-01    
x1.x15      3.16636175e-01     -2.62310744e-01     -7.55540888e-02     -4.42313171e-01      6.21377801e-01    
x2.x1      6.66772959e-01     -9.76303769e-01     -1.70023513e-01      9.05794250e-01      4.73907749e-01      
 x2.x2    
x2.x3      6.09819913e-02      9.44161821e-01      6.43441847e-01     -7.50684141e-01     -6.39973359e-01    
x2.x4      5.92822729e-01      9.29093575e-01     -2.39135365e-01     -4.16280473e-01      5.70893215e-01    
x2.x5     -9.17135251e-01     -7.49545162e-01     -9.82047360e-01      6.26998468e-02     -9.77963211e-01    
x2.x6      4.70569220e-01     -5.28867595e-02     -1.38645364e-03      9.31065458e-01     -7.48519479e-01    
x2.x7     -2.66152684e-01      6.72523958e-01     -1.05179483e-01     -8.74748660e-01     -1.54354901e-01    
x2.x8     -6.96539677e-01      4.33098031e-01      6.15897445e-01     -3.87919155e-01     -4.29779239e-01    
x2.x9      1.22306314e-01     -2.37726787e-01      6.26816913e-01     -2.27929312e-01      4.05915688e-01    
x2.x10      2.82046550e-01     -2.62205799e-01      7.84123392e-01      8.31249627e-01     -6.62272359e-01    
x2.x11      8.75814148e-01     -7.01220907e-01      5.53793408e-01      4.71794521e-01      7.69147141e-01    
x2.x12     -8.41617412e-01     -1.91178795e-01     -9.72470556e-01     -8.25361276e-01      7.79825952e-01    
x2.x13      4.32720243e-01      1.03009896e-01      3.58770555e-01      7.93447828e-01     -3.79953623e-02    
x2.x14      6.00442300e-01     -9.90602838e-01      5.49150733e-01      5.12145747e-01     -7.95843175e-01    
x2.x15      3.72046209e-01     -5.49437203e-01      9.64285283e-02      7.53046787e-01     -8.62839669e-01    
x3.x1     -4.13590975e-02     -5.08660561e-01      4.43452685e-01      8.42924953e-01     -1.44503238e-01      
 x3.x2      6.09819913e-02      9.44161821e-01      6.43441847e-01     -7.50684141e-01     -6.39973359e-01      
 x3.x3    
x3.x4      1.78612061e-01     -7.20358127e-01      9.42225062e-02      5.09479900e-01     -6.70994012e-01    
x3.x5      2.60829670e-01     -3.19844235e-01      5.37282792e-01     -8.66105537e-01      3.19883592e-01    
x3.x6     -7.24812878e-01      8.20728281e-01      8.94045657e-01      3.42494032e-01     -3.57618399e-01    
x3.x7      3.13069152e-01      1.91760020e-02     -9.47247812e-01     -5.36989796e-01      5.19483468e-02    
x3.x8     -4.63804584e-01      9.49004265e-01     -2.24876453e-01     -2.27776042e-01     -9.80367644e-01    
x3.x9     -2.99018762e-01     -6.14761780e-01      5.83607372e-01     -1.88898229e-01      2.76349091e-01    
x3.x10      4.61717923e-01     -6.56923847e-01     -5.93391195e-01      1.38888038e-01     -4.26170940e-01    
x3.x11      3.09420254e-01     -4.14361108e-01      4.31427144e-01      7.19559866e-01      6.02516175e-01    
x3.x12     -9.14368120e-01      8.61076291e-01     -2.07026753e-01      3.71872163e-01     -3.81660042e-01    
x3.x13     -3.41300610e-01     -1.13219454e-01      8.71003679e-01     -3.87153279e-01      7.14443594e-01    
x3.x14      9.86158039e-02      6.31337746e-01     -1.34653719e-01      1.28283963e-02      5.94724135e-02    
x3.x15      8.29631747e-01      4.00312337e-02      3.85753183e-01      6.87884874e-01     -4.54908075e-01    
x4.x1     -4.43934630e-01     -1.82996308e-01      8.03564474e-01      9.60386018e-01     -3.23328760e-02      
 x4.x2      5.92822729e-01      9.29093575e-01     -2.39135365e-01     -4.16280473e-01      5.70893215e-01      
 x4.x3      1.78612061e-01     -7.20358127e-01      9.42225062e-02      5.09479900e-01     -6.70994012e-01      
 x4.x4    
x4.x5      8.25200293e-01     -8.99958631e-01      1.77422855e-01     -8.26555828e-01      9.56498004e-01    
x4.x6     -9.17867376e-01     -6.73622874e-01      2.38964746e-01      3.61089892e-01      3.70740594e-01    
x4.x7      8.85044928e-01      7.63608999e-01      8.61025537e-01      3.32008396e-01     -9.65002107e-01    
x4.x8     -5.55903356e-01      3.70556963e-01     -6.31128478e-01     -2.89155841e-01     -2.48823368e-01    
x4.x9      1.11088467e-01      9.26553186e-01      1.67484326e-01     -3.46612778e-02     -2.21270945e-01    
x4.x10      4.38392567e-01     -9.28385214e-01      5.46341897e-02     -9.66719570e-01      6.28075621e-01    
x4.x11     -5.44333088e-01     -6.01179580e-01      9.41713521e-01      1.52512446e-01     -3.31858226e-01    
x4.x12      8.21389459e-01     -7.15388244e-01      7.62278684e-01      1.11896746e-01      1.33641677e-01    
x4.x13     -6.75654402e-01      5.89868167e-01      5.09317780e-01     -8.87998819e-01      7.98571602e-01    
x4.x14     -8.19161029e-01      4.69486367e-01      7.79586608e-01     -7.98935511e-01     -3.85632507e-01    
x4.x15     -2.86800530e-01     -8.03482473e-01     -8.43512738e-01     -4.38282032e-01     -3.14716520e-01    
x5.x1     -8.95684296e-01     -3.60502297e-01      6.46257694e-02     -2.02448994e-01     -7.17227660e-01      
 x5.x2     -9.17135251e-01     -7.49545162e-01     -9.82047360e-01      6.26998468e-02     -9.77963211e-01      
 x5.x3      2.60829670e-01     -3.19844235e-01      5.37282792e-01     -8.66105537e-01      3.19883592e-01      
 x5.x4      8.25200293e-01     -8.99958631e-01      1.77422855e-01     -8.26555828e-01      9.56498004e-01      
 x5.x5    
x5.x6      4.40196265e-01     -9.56157871e-01      8.45524176e-01      3.84136460e-01      9.08694027e-02    
x5.x7     -1.91594989e-01      2.89970087e-02      6.46568900e-01      6.04459776e-01      5.48229698e-02    
x5.x8     -7.24760598e-01     -6.73856223e-01      3.34687410e-01     -6.07922431e-01      2.36937068e-01    
x5.x9     -5.14758975e-01      9.38392939e-01     -7.97251546e-01     -1.38993627e-01      7.60563385e-01    
x5.x10      2.93793434e-01     -1.18598464e-02      3.59753276e-01      4.56528735e-01     -5.23037209e-01    
x5.x11     -4.77962341e-01     -1.22755745e-02      4.57540608e-01      9.04164218e-01      9.37979966e-01    
x5.x12     -4.10367038e-01     -8.09757196e-01     -7.85951370e-01      9.90272391e-02     -2.82229265e-01    
x5.x13     -9.90626736e-01      3.95693635e-01     -1.48714010e-01      6.01822984e-01     -5.13900045e-02    
x5.x14     -2.98715338e-01     -1.77309109e-01      2.69855667e-01      5.67116620e-01      6.92871884e-01    
x5.x15      4.08753202e-01     -2.42554936e-01      2.62576829e-01     -7.22084566e-01      3.65424149e-01    
x6.x1      4.04608131e-01     -8.61868117e-02     -8.79416891e-01     -8.66461897e-01     -9.38335720e-01      
 x6.x2      4.70569220e-01     -5.28867595e-02     -1.38645364e-03      9.31065458e-01     -7.48519479e-01      
 x6.x3     -7.24812878e-01      8.20728281e-01      8.94045657e-01      3.42494032e-01     -3.57618399e-01      
 x6.x4     -9.17867376e-01     -6.73622874e-01      2.38964746e-01      3.61089892e-01      3.70740594e-01      
 x6.x5      4.40196265e-01     -9.56157871e-01      8.45524176e-01      3.84136460e-01      9.08694027e-02      
 x6.x6    
x6.x7     -3.08329029e-01     -9.50302589e-02     -9.36944519e-02     -8.13169541e-01     -2.68337894e-01    
x6.x8     -7.60986149e-01     -2.35756736e-01     -2.05450934e-01     -8.32450251e-01     -8.51989782e-01    
x6.x9      4.37528001e-01      2.40412687e-01     -3.91514150e-01     -1.01805360e-01      1.48325683e-01    
x6.x10      7.12708480e-01      2.57046178e-01      6.66666528e-01      1.20834278e-01     -3.29018056e-01    
x6.x11      6.65242971e-01      1.76279308e-01     -4.35324042e-01      1.02652910e-01      2.63377740e-01    
x6.x12      4.90767069e-01     -9.73962122e-01     -1.48775931e-01      7.64789196e-01     -4.65850643e-01    
x6.x13     -1.48682201e-01     -4.23692703e-01      6.39383016e-01      9.04375422e-01     -9.40345426e-01    
x6.x14      8.71386662e-01      7.52163717e-01     -1.76713144e-01     -2.48298365e-01     -8.70829466e-01    
x6.x15      7.32648264e-01      8.81473721e-01      6.62149862e-01      1.96166351e-01      9.88812633e-01    
x7.x1      2.13464109e-01     -9.32343698e-01     -6.68235689e-01      7.51366418e-01     -2.27120084e-01      
 x7.x2     -2.66152684e-01      6.72523958e-01     -1.05179483e-01     -8.74748660e-01     -1.54354901e-01      
 x7.x3      3.13069152e-01      1.91760020e-02     -9.47247812e-01     -5.36989796e-01      5.19483468e-02      
 x7.x4      8.85044928e-01      7.63608999e-01      8.61025537e-01      3.32008396e-01     -9.65002107e-01      
 x7.x5     -1.91594989e-01      2.89970087e-02      6.46568900e-01      6.04459776e-01      5.48229698e-02      
 x7.x6     -3.08329029e-01     -9.50302589e-02     -9.36944519e-02     -8.13169541e-01     -2.68337894e-01      
 x7.x7    
x7.x8      3.25497302e-01      5.00098541e-01     -6.61139283e-01      8.01958675e-01     -3.94523051e-01    
x7.x9      2.08058421e-01      9.73576891e-01     -5.52564126e-01     -8.64334862e-01      6.55174298e-01    
x7.x10     -8.54368270e-01      8.55212778e-01     -2.31299087e-01     -7.96338930e-01      5.36162515e-01    
x7.x11      7.28787516e-01     -1.27981950e-01     -4.68921721e-01      3.92661282e-01      4.47789520e-02    
x7.x12     -9.15115321e-01      5.67637732e-01      3.69082423e-01      9.76195692e-01     -4.11387087e-01    
x7.x13     -7.92247270e-01     -5.42372325e-01     -4.00362636e-01     -4.65476778e-02      1.59868917e-01    
x7.x14      7.14821007e-01     -6.31555413e-01     -5.04137073e-01     -1.65974294e-01     -1.53618653e-01    
x7.x15      1.11612331e-01     -7.10275616e-01     -1.48732075e-01      1.06214146e-01      5.95509942e-01    
x8.x1      6.57463189e-01      9.70091521e-02     -5.79109439e-01     -8.68865570e-01     -5.04041457e-01      
 x8.x2     -6.96539677e-01      4.33098031e-01      6.15897445e-01     -3.87919155e-01     -4.29779239e-01      
 x8.x3     -4.63804584e-01      9.49004265e-01     -2.24876453e-01     -2.27776042e-01     -9.80367644e-01      
 x8.x4     -5.55903356e-01      3.70556963e-01     -6.31128478e-01     -2.89155841e-01     -2.48823368e-01      
 x8.x5     -7.24760598e-01     -6.73856223e-01      3.34687410e-01     -6.07922431e-01      2.36937068e-01      
 x8.x6     -7.60986149e-01     -2.35756736e-01     -2.05450934e-01     -8.32450251e-01     -8.51989782e-01      
 x8.x7      3.25497302e-01      5.00098541e-01     -6.61139283e-01      8.01958675e-01     -3.94523051e-01      
 x8.x8    
x8.x9     -8.92887187e-01     -2.74643681e-02      8.28434380e-01     -6.56911279e-01     -4.66861375e-01    
x8.x10     -4.62161635e-01      1.53765621e-01      6.87083306e-01      3.59650555e-01      6.96880360e-01    
x8.x11     -1.54532395e-01     -3.31207868e-02      7.61006506e-01     -2.77803706e-01      1.58421665e-01    
x8.x12     -3.74816056e-01     -2.47199081e-01      3.55066721e-01     -6.48252172e-01      5.92248016e-01    
x8.x13     -5.80288731e-01      4.15569295e-01      3.52020865e-01      1.44217852e-01      4.54008243e-01    
x8.x14      2.96992142e-01     -4.93206316e-01     -9.73038272e-01      1.66598303e-01     -7.99170548e-01    
x8.x15     -2.62014957e-01      8.24660894e-01     -5.18821353e-01      4.51701716e-01      5.73785983e-01    
x9.x1      1.69977688e-01     -8.42562910e-03     -5.30323618e-01      2.82744900e-01      2.55867301e-02      
 x9.x2      1.22306314e-01     -2.37726787e-01      6.26816913e-01     -2.27929312e-01      4.05915688e-01      
 x9.x3     -2.99018762e-01     -6.14761780e-01      5.83607372e-01     -1.88898229e-01      2.76349091e-01      
 x9.x4      1.11088467e-01      9.26553186e-01      1.67484326e-01     -3.46612778e-02     -2.21270945e-01      
 x9.x5     -5.14758975e-01      9.38392939e-01     -7.97251546e-01     -1.38993627e-01      7.60563385e-01      
 x9.x6      4.37528001e-01      2.40412687e-01     -3.91514150e-01     -1.01805360e-01      1.48325683e-01      
 x9.x7      2.08058421e-01      9.73576891e-01     -5.52564126e-01     -8.64334862e-01      6.55174298e-01      
 x9.x8     -8.92887187e-01     -2.74643681e-02      8.28434380e-01     -6.56911279e-01     -4.66861375e-01      
 x9.x9    
x9.x10     -5.28237144e-01     -9.67837949e-01     -4.29254104e-01      5.09857280e-01     -4.52517754e-02    
x9.x11     -7.26929637e-01      5.12489566e-01     -5.23541655e-01     -4.45294266e-01      9.15833208e-01    
x9.x12     -4.45912423e-01      7.04467627e-01     -4.64592137e-01     -3.54258434e-02      3.23958044e-01    
x9.x13     -5.22566802e-01     -5.82979466e-01      3.39143212e-01     -2.83329953e-01      9.66304373e-01    
x9.x14     -9.99847819e-01     -8.53173930e-01     -7.30706023e-01      6.21459470e-01     -1.35606990e-02    
x9.x15     -1.94454382e-01      9.26207421e-01      1.81860309e-02      1.85561203e-01     -8.26704519e-01    
x10.x1      4.10417042e-01     -7.66575919e-01     -5.36565577e-01     -6.28287635e-01      6.96649978e-01      
 x10.x2      2.82046550e-01     -2.62205799e-01      7.84123392e-01      8.31249627e-01     -6.62272359e-01      
 x10.x3      4.61717923e-01     -6.56923847e-01     -5.93391195e-01      1.38888038e-01     -4.26170940e-01      
 x10.x4      4.38392567e-01     -9.28385214e-01      5.46341897e-02     -9.66719570e-01      6.28075621e-01      
 x10.x5      2.93793434e-01     -1.18598464e-02      3.59753276e-01      4.56528735e-01     -5.23037209e-01      
 x10.x6      7.12708480e-01      2.57046178e-01      6.66666528e-01      1.20834278e-01     -3.29018056e-01      
 x10.x7     -8.54368270e-01      8.55212778e-01     -2.31299087e-01     -7.96338930e-01      5.36162515e-01      
 x10.x8     -4.62161635e-01      1.53765621e-01      6.87083306e-01      3.59650555e-01      6.96880360e-01      
 x10.x9     -5.28237144e-01     -9.67837949e-01     -4.29254104e-01      5.09857280e-01     -4.52517754e-02      
 x10.x10    
x10.x11      6.16606974e-01      3.06380270e-01      9.39473940e-01      5.67090484e-01      4.02552634e-01    
x10.x12      5.66936769e-01      6.84701377e-01      6.28573555e-01      4.43794304e-01     -8.24410209e-01    
x10.x13      3.97625369e-01     -4.24913524e-01      8.13949947e-01     -3.42626208e-01      3.77713048e-01    
x10.x14      1.13646306e-01      9.04685232e-01      9.45669291e-01      7.71060457e-01     -8.47506646e-01    
x10.x15     -4.37887225e-02      4.74072733e-01      4.45778300e-02     -9.18724251e-01     -3.53683771e-01    
x11.x1     -5.06162342e-01     -4.04114103e-01      6.40098950e-01     -9.56123187e-01     -5.76586195e-01      
 x11.x2      8.75814148e-01     -7.01220907e-01      5.53793408e-01      4.71794521e-01      7.69147141e-01      
 x11.x3      3.09420254e-01     -4.14361108e-01      4.31427144e-01      7.19559866e-01      6.02516175e-01      
 x11.x4     -5.44333088e-01     -6.01179580e-01      9.41713521e-01      1.52512446e-01     -3.31858226e-01      
 x11.x5     -4.77962341e-01     -1.22755745e-02      4.57540608e-01      9.04164218e-01      9.37979966e-01      
 x11.x6      6.65242971e-01      1.76279308e-01     -4.35324042e-01      1.02652910e-01      2.63377740e-01      
 x11.x7      7.28787516e-01     -1.27981950e-01     -4.68921721e-01      3.92661282e-01      4.47789520e-02      
 x11.x8     -1.54532395e-01     -3.31207868e-02      7.61006506e-01     -2.77803706e-01      1.58421665e-01      
 x11.x9     -7.26929637e-01      5.12489566e-01     -5.23541655e-01     -4.45294266e-01      9.15833208e-01      
 x11.x10      6.16606974e-01      3.06380270e-01      9.39473940e-01      5.67090484e-01      4.02552634e-01      
 x11.x11    
x11.x12      2.95461546e-01     -3.35169299e-01      8.65925683e-01     -7.25623850e-01      6.90817456e-01    
x11.x13      3.39018781e-01     -3.97555648e-01      3.56813941e-01      6.23714055e-01     -4.27725867e-01    
x11.x14      7.47396771e-01      2.95475265e-01      5.76254059e-01     -5.98549960e-01     -7.69894999e-01    
x11.x15     -3.63695935e-01     -6.48877061e-02     -8.69443436e-01     -7.96790629e-02     -2.74691464e-01    
x12.x1     -4.70675892e-01     -3.67061755e-01     -8.31765083e-01     -2.94941728e-01      5.18990976e-01      
 x12.x2     -8.41617412e-01     -1.91178795e-01     -9.72470556e-01     -8.25361276e-01      7.79825952e-01      
 x12.x3     -9.14368120e-01      8.61076291e-01     -2.07026753e-01      3.71872163e-01     -3.81660042e-01      
 x12.x4      8.21389459e-01     -7.15388244e-01      7.62278684e-01      1.11896746e-01      1.33641677e-01      
 x12.x5     -4.10367038e-01     -8.09757196e-01     -7.85951370e-01      9.90272391e-02     -2.82229265e-01      
 x12.x6      4.90767069e-01     -9.73962122e-01     -1.48775931e-01      7.64789196e-01     -4.65850643e-01      
 x12.x7     -9.15115321e-01      5.67637732e-01      3.69082423e-01      9.76195692e-01     -4.11387087e-01      
 x12.x8     -3.74816056e-01     -2.47199081e-01      3.55066721e-01     -6.48252172e-01      5.92248016e-01      
 x12.x9     -4.45912423e-01      7.04467627e-01     -4.64592137e-01     -3.54258434e-02      3.23958044e-01      
 x12.x10      5.66936769e-01      6.84701377e-01      6.28573555e-01      4.43794304e-01     -8.24410209e-01      
 x12.x11      2.95461546e-01     -3.35169299e-01      8.65925683e-01     -7.25623850e-01      6.90817456e-01      
 x12.x12    
x12.x13     -5.87901674e-01     -6.71228687e-01     -9.07296348e-01      8.54061704e-01     -9.74352482e-01    
x12.x14     -9.85606794e-01      5.69287364e-01     -8.31683809e-01     -4.56109747e-01      1.59785864e-01    
x12.x15     -2.04409532e-01      2.47862753e-01      8.15561951e-01     -1.48899429e-01      7.94985190e-01    
x13.x1      3.37886178e-01     -6.74739807e-01     -7.25666755e-01      9.16684349e-01      3.91749870e-01      
 x13.x2      4.32720243e-01      1.03009896e-01      3.58770555e-01      7.93447828e-01     -3.79953623e-02      
 x13.x3     -3.41300610e-01     -1.13219454e-01      8.71003679e-01     -3.87153279e-01      7.14443594e-01      
 x13.x4     -6.75654402e-01      5.89868167e-01      5.09317780e-01     -8.87998819e-01      7.98571602e-01      
 x13.x5     -9.90626736e-01      3.95693635e-01     -1.48714010e-01      6.01822984e-01     -5.13900045e-02      
 x13.x6     -1.48682201e-01     -4.23692703e-01      6.39383016e-01      9.04375422e-01     -9.40345426e-01      
 x13.x7     -7.92247270e-01     -5.42372325e-01     -4.00362636e-01     -4.65476778e-02      1.59868917e-01      
 x13.x8     -5.80288731e-01      4.15569295e-01      3.52020865e-01      1.44217852e-01      4.54008243e-01      
 x13.x9     -5.22566802e-01     -5.82979466e-01      3.39143212e-01     -2.83329953e-01      9.66304373e-01      
 x13.x10      3.97625369e-01     -4.24913524e-01      8.13949947e-01     -3.42626208e-01      3.77713048e-01      
 x13.x11      3.39018781e-01     -3.97555648e-01      3.56813941e-01      6.23714055e-01     -4.27725867e-01      
 x13.x12     -5.87901674e-01     -6.71228687e-01     -9.07296348e-01      8.54061704e-01     -9.74352482e-01      
 x13.x13    
x13.x14      6.75406312e-01      1.04692354e-01      7.99700031e-01     -9.55947160e-01     -5.81586642e-01    
x13.x15     -4.33677630e-02      9.40148211e-01      5.47627710e-01      3.08890263e-01     -3.84947227e-01    
x14.x1      4.96978588e-01     -2.00691353e-01      4.17965573e-02     -6.87391202e-01      4.38772688e-01      
 x14.x2      6.00442300e-01     -9.90602838e-01      5.49150733e-01      5.12145747e-01     -7.95843175e-01      
 x14.x3      9.86158039e-02      6.31337746e-01     -1.34653719e-01      1.28283963e-02      5.94724135e-02      
 x14.x4     -8.19161029e-01      4.69486367e-01      7.79586608e-01     -7.98935511e-01     -3.85632507e-01      
 x14.x5     -2.98715338e-01     -1.77309109e-01      2.69855667e-01      5.67116620e-01      6.92871884e-01      
 x14.x6      8.71386662e-01      7.52163717e-01     -1.76713144e-01     -2.48298365e-01     -8.70829466e-01      
 x14.x7      7.14821007e-01     -6.31555413e-01     -5.04137073e-01     -1.65974294e-01     -1.53618653e-01      
 x14.x8      2.96992142e-01     -4.93206316e-01     -9.73038272e-01      1.66598303e-01     -7.99170548e-01      
 x14.x9     -9.99847819e-01     -8.53173930e-01     -7.30706023e-01      6.21459470e-01     -1.35606990e-02      
 x14.x10      1.13646306e-01      9.04685232e-01      9.45669291e-01      7.71060457e-01     -8.47506646e-01      
 x14.x11      7.47396771e-01      2.95475265e-01      5.76254059e-01     -5.98549960e-01     -7.69894999e-01      
 x14.x12     -9.85606794e-01      5.69287364e-01     -8.31683809e-01     -4.56109747e-01      1.59785864e-01      
 x14.x13      6.75406312e-01      1.04692354e-01      7.99700031e-01     -9.55947160e-01     -5.81586642e-01      
 x14.x14    
x14.x15     -2.82956667e-01      4.68439173e-01      9.53451320e-01      4.03018044e-01      1.94649285e-01    
x15.x1      3.16636175e-01     -2.62310744e-01     -7.55540888e-02     -4.42313171e-01      6.21377801e-01      
 x15.x2      3.72046209e-01     -5.49437203e-01      9.64285283e-02      7.53046787e-01     -8.62839669e-01      
 x15.x3      8.29631747e-01      4.00312337e-02      3.85753183e-01      6.87884874e-01     -4.54908075e-01      
 x15.x4     -2.86800530e-01     -8.03482473e-01     -8.43512738e-01     -4.38282032e-01     -3.14716520e-01      
 x15.x5      4.08753202e-01     -2.42554936e-01      2.62576829e-01     -7.22084566e-01      3.65424149e-01      
 x15.x6      7.32648264e-01      8.81473721e-01      6.62149862e-01      1.96166351e-01      9.88812633e-01      
 x15.x7      1.11612331e-01     -7.10275616e-01     -1.48732075e-01      1.06214146e-01      5.95509942e-01      
 x15.x8     -2.62014957e-01      8.24660894e-01     -5.18821353e-01      4.51701716e-01      5.73785983e-01      
 x15.x9     -1.94454382e-01      9.26207421e-01      1.81860309e-02      1.85561203e-01     -8.26704519e-01      
 x15.x10     -4.37887225e-02      4.74072733e-01      4.45778300e-02     -9.18724251e-01     -3.53683771e-01      
 x15.x11     -3.63695935e-01     -6.48877061e-02     -8.69443436e-01     -7.96790629e-02     -2.74691464e-01      
 x15.x12     -2.04409532e-01      2.47862753e-01      8.15561951e-01     -1.48899429e-01      7.94985190e-01      
 x15.x13     -4.33677630e-02      9.40148211e-01      5.47627710e-01      3.08890263e-01     -3.84947227e-01      
 x15.x14     -2.82956667e-01      4.68439173e-01      9.53451320e-01      4.03018044e-01      1.94649285e-01      
 x15.x15    
 ;

SET mccSet(Vars,Vars)  pairs with large diff for mcc relaxation  / 
x2.x3 
  x2.x4 
  x2.x5 
  x2.x6 
  x2.x7 
  x2.x8 
  x2.x9 
  x2.x10 
  x2.x11 
  x2.x12 
  x2.x13 
  x2.x14 
  x2.x15 
  x3.x4 
  x3.x5 
  x3.x6 
  x3.x7 
  x3.x8 
  x3.x9 
  x3.x11 
  x3.x12 
  x3.x13 
  x3.x14 
  x3.x15 
  x4.x5 
  x4.x6 
  x4.x7 
  x4.x8 
  x4.x9 
  x4.x10 
  x4.x11 
  x4.x12 
  x4.x13 
  x4.x14 
  x4.x15 
  x5.x6 
  x5.x7 
  x5.x8 
  x5.x9 
  x5.x10 
  x5.x11 
  x5.x12 
  x5.x13 
  x5.x14 
  x5.x15 
  x6.x7 
  x6.x8 
  x6.x9 
  x6.x10 
  x6.x11 
  x6.x12 
  x6.x13 
  x6.x14 
  x6.x15 
  x7.x8 
  x7.x9 
  x7.x10 
  x7.x11 
  x7.x12 
  x7.x13 
  x7.x14 
  x7.x15 
  x8.x9 
  x8.x10 
  x8.x11 
  x8.x12 
  x8.x13 
  x8.x14 
  x8.x15 
  x9.x10 
  x9.x11 
  x9.x12 
  x9.x13 
  x9.x14 
  x9.x15 
  x10.x11 
  x10.x12 
  x10.x13 
  x10.x15 
  x11.x12 
  x11.x13 
  x11.x14 
  x11.x15 
  x12.x13 
  x12.x14 
  x12.x15 
  x13.x14 
  x13.x15 
  x14.x15 
   / ; 

SET socSet(Vars,Vars)  pairs with large diff for soc relaxation  / 
x1.x2 
  x1.x3 
  x1.x4 
  x1.x5 
  x1.x6 
  x1.x7 
  x1.x8 
  x1.x9 
  x1.x10 
  x1.x11 
  x1.x12 
  x1.x13 
  x1.x14 
  x1.x15 
  x2.x3 
  x2.x5 
  x2.x7 
  x2.x10 
  x2.x12 
  x2.x13 
  x2.x14 
  x2.x15 
  x3.x4 
  x3.x5 
  x3.x7 
  x3.x8 
  x3.x10 
  x3.x13 
  x3.x15 
  x4.x5 
  x4.x7 
  x4.x9 
  x4.x10 
  x4.x13 
  x4.x14 
  x4.x15 
  x5.x6 
  x5.x7 
  x5.x8 
  x5.x9 
  x5.x10 
  x5.x11 
  x5.x12 
  x5.x13 
  x5.x14 
  x5.x15 
  x6.x7 
  x6.x8 
  x6.x9 
  x6.x10 
  x6.x13 
  x6.x14 
  x6.x15 
  x7.x8 
  x7.x9 
  x7.x10 
  x7.x11 
  x7.x12 
  x7.x13 
  x7.x14 
  x7.x15 
  x8.x10 
  x8.x12 
  x8.x13 
  x8.x15 
  x9.x10 
  x9.x12 
  x9.x13 
  x9.x15 
  x10.x11 
  x10.x12 
  x10.x13 
  x10.x14 
  x10.x15 
  x11.x12 
  x11.x13 
  x11.x15 
  x12.x13 
  x12.x14 
  x12.x15 
  x13.x14 
  x13.x15 
  x14.x15 
   / ; 

SET UseSOC(Vars,Vars);
SET notSOC(Vars,Vars);
UseSOC(Vars,Vars)=no;
UseSOC(mccSet)=yes;
UseSOC(socSet)=no;
notSOC(Vars,Vars)=no;
notSOC(Pairs)=yes;
notSOC(UseSOC)=no;
*problem 2 : LBmcc  -5.33846904e+00, LBsocpP  -2.17893797e+00, UBo   1.69484002e+00
 
POSITIVE VARIABLES x(j);

POSITIVE VARIABLES w(j,jj);

VARIABLES z;

EQUATIONS
   OBJective
   xub(j)
   wx(j,jj)
   cQ(QuadCons)
   conLBP(j,jj)
   conUBP(j,jj)
   conLBM(j,jj)
   conUBM(j,jj)
   McC1(j,jj)
   McC2(j,jj)
   McC3(j,jj)
   soc1(j,jj)
   soc2(j,jj)
*   wsym(j,jj)
;

OBJective.. z =e= SUM(j, c0(j) * x(j))
  + 0.5 * SUM((j,jj)$Pairs(j,jj), Q0(j,jj) *w(j,jj));

xub(j)..  x(j) =l= 1;

wx(j,jj)$Pairs(j,jj)..  w(j,jj) =e= x(j)*x(jj);

cQ(QuadCons).. g(QuadCons) =g=
  SUM(j, cmat(QuadCons,j)*x(j)) +
  0.5 * SUM((j,jj)$Pairs(j,jj), Q(j,jj,QuadCons) *w(j,jj));

conLBP(j,jj)$(ord(jj) gt ord(j)) .. 0.5 =l= x(jj) + x(j);

conUBP(j,jj)$(ord(jj) gt ord(j)) .. 1.5 =g= x(jj) + x(j);

conLBM(j,jj)$(ord(jj) gt ord(j)) .. -0.5 =l= x(jj) - x(j);

conUBM(j,jj)$(ord(jj) gt ord(j)) .. 0.5 =g= x(jj) - x(j);

McC1(j,jj)$Pairs(j,jj) .. w(j,jj) =g= x(j) + x(jj) - 1;

McC2(j,jj)$Pairs(j,jj) .. w(j,jj) =l= x(j);

McC3(j,jj)$Pairs(j,jj) .. w(j,jj) =l= x(jj);

soc1(j,jj)$Pairs(j,jj) .. sqr(x(j) + x(jj)) =l= 4*w(j,jj) + 0.25 ;

soc2(j,jj)$Pairs(j,jj) .. sqr(x(j) - x(jj)) =l= -4*w(j,jj) + 2*(x(j)+x(jj))
               - 0.75;

*wsym(j,jj) .. w(j,jj) =e= w(jj,j);

model diam  /all/;

solve diam using nlp minimizing z;

