* problem 1
SET Vars   /x1*x15/;
SET QuadCons   /qc1*qc5/;
ALIAS(Vars,j,jj);
 
SET Pairs(Vars,Vars)  / 
x1.x2 ,  x1.x3 ,  x1.x4 ,  x1.x5 ,  x1.x6 ,  x1.x7 ,  x1.x8 ,  x1.x9 ,  x1.x10 ,  x1.x11 ,  x1.x12 ,  x1.x13 ,  x1.x14 ,  x1.x15 ,  x2.x3 ,  x2.x4 ,  x2.x5 ,  x2.x6 ,  x2.x7 ,  x2.x8 ,  x2.x9 ,  x2.x10 ,  x2.x11 ,  x2.x12 ,  x2.x13 ,  x2.x14 ,  x2.x15 ,  x3.x4 ,  x3.x5 ,  x3.x6 ,  x3.x7 ,  x3.x8 ,  x3.x9 ,  x3.x10 ,  x3.x11 ,  x3.x12 ,  x3.x13 ,  x3.x14 ,  x3.x15 ,  x4.x5 ,  x4.x6 ,  x4.x7 ,  x4.x8 ,  x4.x9 ,  x4.x10 ,  x4.x11 ,  x4.x12 ,  x4.x13 ,  x4.x14 ,  x4.x15 ,  x5.x6 ,  x5.x7 ,  x5.x8 ,  x5.x9 ,  x5.x10 ,  x5.x11 ,  x5.x12 ,  x5.x13 ,  x5.x14 ,  x5.x15 ,  x6.x7 ,  x6.x8 ,  x6.x9 ,  x6.x10 ,  x6.x11 ,  x6.x12 ,  x6.x13 ,  x6.x14 ,  x6.x15 ,  x7.x8 ,  x7.x9 ,  x7.x10 ,  x7.x11 ,  x7.x12 ,  x7.x13 ,  x7.x14 ,  x7.x15 ,  x8.x9 ,  x8.x10 ,  x8.x11 ,  x8.x12 ,  x8.x13 ,  x8.x14 ,  x8.x15 ,  x9.x10 ,  x9.x11 ,  x9.x12 ,  x9.x13 ,  x9.x14 ,  x9.x15 ,  x10.x11 ,  x10.x12 ,  x10.x13 ,  x10.x14 ,  x10.x15 ,  x11.x12 ,  x11.x13 ,  x11.x14 ,  x11.x15 ,  x12.x13 ,  x12.x14 ,  x12.x15 ,  x13.x14 ,  x13.x15 ,  x14.x15    / ; 

PARAMETER c0(Vars)
  /  
x1   2.18418113e-01 
x2  -6.20253894e-01 
x3   8.43784104e-01 
x4   9.14311403e-01 
x5  -7.88548360e-01 
x6   4.28212497e-01 
x7   1.03064137e-01 
x8  -4.73729856e-01 
x9  -3.00791693e-01 
x10  -1.85506812e-01 
x11   3.30423484e-01 
x12   1.51614459e-01 
x13   8.84043110e-01 
x14  -2.72950748e-01 
x15  -9.93822490e-01 
 / 
 
PARAMETER g(QuadCons)
  /  
qc1  -4.89323299e-01 
qc2   1.46486805e+00 
qc3  -4.84454070e-01 
qc4   5.47993578e-01 
qc5  -1.41479308e+00 
 / 
 
TABLE Q0(j,jj)
                x1                 x2                 x3                 x4                 x5                 x6                 x7                 x8                 x9                 x10                 x11                 x12                 x13                 x14                 x15                
x1   0.000000000000      5.11196672e-01     -5.93814353e-01      6.11894041e-01     -4.37502335e-02      5.20598646e-01      1.94674158e-02     -1.59600331e-01      4.92811739e-02      2.20772196e-01     -7.48176021e-01      3.89632999e-01      9.51647522e-02      7.33505108e-01      2.94453746e-01    
x2   5.11196672e-01      0.000000000000      6.10714706e-01     -2.70872744e-01     -6.21977014e-02     -9.65748417e-01      6.33884701e-01     -6.22791490e-01     -8.65565738e-01      8.21319644e-01      5.32821452e-01      9.52828420e-01      9.64122578e-01      1.44597190e-01     -6.10767021e-01    
x3  -5.93814353e-01      6.10714706e-01      0.000000000000     -3.15861331e-01      8.35557801e-02     -7.10002468e-01      9.98291392e-01     -5.60554023e-01      3.07022832e-01      6.33628668e-02     -9.24987305e-01      8.69310497e-02     -1.28427304e-01      7.66491936e-01      3.57128417e-01    
x4   6.11894041e-01     -2.70872744e-01     -3.15861331e-01      0.000000000000     -9.36814081e-01      5.96117605e-01      9.39616214e-01      8.55534801e-01     -2.49523565e-01      1.48509933e-01      8.27175037e-01      4.60303306e-01     -9.22954664e-01      6.79639425e-01      9.07243864e-01    
x5  -4.37502335e-02     -6.21977014e-02      8.35557801e-02     -9.36814081e-01      0.000000000000      9.42715654e-01     -4.05550886e-01     -6.25419686e-01      4.02772185e-01      4.86645470e-01      2.06500394e-01      3.12325790e-01      7.40112997e-01      6.92975396e-01     -7.76787566e-02    
x6   5.20598646e-01     -9.65748417e-01     -7.10002468e-01      5.96117605e-01      9.42715654e-01      0.000000000000     -7.55083747e-01      7.59916360e-02      7.31547546e-01      8.00372692e-01     -1.64911515e-01      8.78648133e-01      3.59779812e-01     -9.49609042e-01      9.83384091e-01    
x7   1.94674158e-02      6.33884701e-01      9.98291392e-01      9.39616214e-01     -4.05550886e-01     -7.55083747e-01      0.000000000000     -1.01358018e-01      7.59643015e-02     -5.50724653e-01      3.89985355e-01      4.02855999e-01     -9.82390799e-02     -5.65361321e-01     -1.55338587e-01    
x8  -1.59600331e-01     -6.22791490e-01     -5.60554023e-01      8.55534801e-01     -6.25419686e-01      7.59916360e-02     -1.01358018e-01      0.000000000000     -4.95222074e-01      1.70016875e-01      6.16390826e-01     -2.49443236e-01     -4.35822596e-01      4.99412142e-01      9.28616881e-01    
x9   4.92811739e-02     -8.65565738e-01      3.07022832e-01     -2.49523565e-01      4.02772185e-01      7.31547546e-01      7.59643015e-02     -4.95222074e-01      0.000000000000      5.65372967e-01      3.99495490e-01      4.94081147e-02      6.04861296e-01     -1.21906256e-02      6.38316530e-01    
x10   2.20772196e-01      8.21319644e-01      6.33628668e-02      1.48509933e-01      4.86645470e-01      8.00372692e-01     -5.50724653e-01      1.70016875e-01      5.65372967e-01      0.000000000000     -2.75167615e-01      3.14785626e-01     -2.40334470e-01      8.18944764e-01     -9.73723711e-01    
x11  -7.48176021e-01      5.32821452e-01     -9.24987305e-01      8.27175037e-01      2.06500394e-01     -1.64911515e-01      3.89985355e-01      6.16390826e-01      3.99495490e-01     -2.75167615e-01      0.000000000000      5.44004636e-01      1.56514133e-01     -1.12672854e-01     -8.00405664e-01    
x12   3.89632999e-01      9.52828420e-01      8.69310497e-02      4.60303306e-01      3.12325790e-01      8.78648133e-01      4.02855999e-01     -2.49443236e-01      4.94081147e-02      3.14785626e-01      5.44004636e-01      0.000000000000      1.84653718e-01      7.44942666e-01      1.64950275e-01    
x13   9.51647522e-02      9.64122578e-01     -1.28427304e-01     -9.22954664e-01      7.40112997e-01      3.59779812e-01     -9.82390799e-02     -4.35822596e-01      6.04861296e-01     -2.40334470e-01      1.56514133e-01      1.84653718e-01      0.000000000000      9.13887260e-01     -9.83183406e-01    
x14   7.33505108e-01      1.44597190e-01      7.66491936e-01      6.79639425e-01      6.92975396e-01     -9.49609042e-01     -5.65361321e-01      4.99412142e-01     -1.21906256e-02      8.18944764e-01     -1.12672854e-01      7.44942666e-01      9.13887260e-01      0.000000000000     -7.84381936e-01    
x15   2.94453746e-01     -6.10767021e-01      3.57128417e-01      9.07243864e-01     -7.76787566e-02      9.83384091e-01     -1.55338587e-01      9.28616881e-01      6.38316530e-01     -9.73723711e-01     -8.00405664e-01      1.64950275e-01     -9.83183406e-01     -7.84381936e-01      0.000000000000    
 ;

TABLE cmat(QuadCons,jj)
                x1                 x2                 x3                 x4                 x5                 x6                 x7                 x8                 x9                 x10                 x11                 x12                 x13                 x14                 x15                
qc1 -2.20603056e-01     -5.94121478e-01      9.35092631e-01     -2.16735908e-01      6.59318219e-01     -7.50417250e-01     -2.84773118e-01     -2.71495900e-01      4.91731289e-01     -7.12173832e-01     -7.63681079e-01      7.81023359e-02      9.51666479e-01      7.34031295e-01      8.26911797e-01    
qc2  5.74879983e-01     -3.61951109e-01     -7.39728310e-02      9.14379505e-01     -3.91652538e-01      1.93887423e-02      4.12634060e-01     -1.69812617e-01      4.71794498e-01      6.60791770e-01     -3.50906162e-01     -6.12643853e-01      3.47875590e-01      1.12572698e-01     -5.01126477e-01    
qc3  4.56761035e-01     -1.09003777e-01      2.89352157e-01     -5.66504191e-01      5.85041678e-01      5.84934012e-01      9.23675702e-01      8.95311990e-01     -1.61036050e-01     -9.95894540e-01      8.53140541e-02     -5.83368019e-01     -1.57611513e-01      2.34118513e-01      8.75043240e-01    
qc4  4.30805093e-01      7.06102198e-01      4.23886980e-01      2.96828067e-01     -2.65606545e-01      3.38805568e-01     -1.58290268e-01      6.42516312e-01      3.55126336e-01      1.74447093e-01     -9.75015232e-01      8.69904522e-01     -1.45285469e-01     -4.84001812e-01     -4.75965605e-01    
qc5 -6.77039615e-01      9.96451523e-01     -6.85747881e-02     -8.51984667e-01      4.16497919e-01      7.91046905e-01     -2.11323083e-01     -3.02818959e-01      6.40735309e-01     -3.17908061e-01     -1.16585993e-01     -8.96381662e-01     -8.17316710e-01     -9.48836849e-01     -5.97426841e-01    
 ;

TABLE Q(j,jj,QuadCons)
                      qc1                qc2                qc3                qc4                qc5               
x1.x1    
x1.x2     -9.97947569e-02     -6.59756255e-01      5.75496127e-01      6.75616753e-01      1.80332175e-01    
x1.x3     -4.92722431e-01      6.46785530e-02     -6.66503498e-01     -9.45716322e-01     -3.34582336e-01    
x1.x4      2.81031675e-01      5.08749158e-01     -2.65389465e-02     -9.20132750e-01      3.08860608e-01    
x1.x5     -3.74202511e-01      2.07359172e-01     -2.19432778e-01      9.14103658e-01      1.84407539e-01    
x1.x6     -8.85649958e-01     -3.75905798e-01     -7.08947834e-01     -3.79019861e-01      5.76577501e-01    
x1.x7     -4.70261567e-01      5.72576474e-01      3.51245198e-01     -4.80477067e-01      2.38260668e-01    
x1.x8     -8.27301921e-01      6.69248332e-01      4.94474685e-01      6.91715161e-01     -1.98584611e-01    
x1.x9      9.59669081e-01      8.84085701e-01     -2.18632279e-01     -8.65160655e-01     -7.15996926e-01    
x1.x10      6.92355954e-01      6.46453267e-01     -4.01724172e-01      6.15442646e-01     -6.01957343e-02    
x1.x11     -2.07986598e-01     -8.65931467e-01      6.13731919e-01     -5.25712469e-01     -9.95727709e-01    
x1.x12     -6.41730369e-02      6.62130891e-01     -7.07047502e-01     -3.40422586e-01      6.06239942e-01    
x1.x13     -1.60446309e-01     -3.94585058e-01     -1.67581384e-01      6.79848933e-02      4.49799292e-01    
x1.x14     -9.18638141e-03      4.46808306e-03      4.04395504e-01      4.49995617e-01      1.62710693e-01    
x1.x15     -5.63345184e-01     -1.14992531e-01      5.49589059e-01     -7.75140538e-01      6.77726241e-01    
x2.x1     -9.97947569e-02     -6.59756255e-01      5.75496127e-01      6.75616753e-01      1.80332175e-01      
 x2.x2    
x2.x3      8.50754623e-02      4.19388341e-02     -3.23614284e-01     -9.73718594e-01     -6.80238033e-01    
x2.x4     -2.09617203e-01      9.68435593e-01      9.08797775e-01      9.75850828e-01     -9.94917572e-01    
x2.x5      6.28171474e-01      7.61227650e-01      3.43719848e-01     -7.92042036e-01     -1.44764517e-01    
x2.x6      1.33605798e-02     -2.60565471e-02     -7.42377468e-01      4.26390829e-01      4.08202481e-01    
x2.x7     -3.51053212e-02     -7.23444065e-01     -5.77653982e-01      2.76004064e-02      7.12472162e-02    
x2.x8      1.55450854e-01      4.42717183e-01     -7.92786133e-01      9.25784804e-01      6.70266098e-01    
x2.x9     -6.38280885e-01      3.33094312e-01      4.77627891e-01      4.72609568e-01      2.31509784e-01    
x2.x10     -5.89803380e-01      7.96274903e-01      5.77130093e-01      1.01148527e-01      9.70191460e-01    
x2.x11      8.14768524e-01     -6.87269422e-02      7.12757609e-01     -1.91811914e-01     -3.90938221e-01    
x2.x12      9.21519279e-01      9.23094295e-01      9.30110136e-01     -9.45394239e-01     -9.34027457e-02    
x2.x13     -7.95608960e-01     -2.89563116e-01      6.14235815e-01     -6.70585202e-01      4.66877329e-01    
x2.x14     -2.06415564e-01      6.93699853e-01     -9.67958038e-01     -9.51247223e-02     -9.42473484e-01    
x2.x15     -6.55471702e-01     -9.60985615e-02     -3.02779473e-01     -7.34975969e-01     -3.42188039e-01    
x3.x1     -4.92722431e-01      6.46785530e-02     -6.66503498e-01     -9.45716322e-01     -3.34582336e-01      
 x3.x2      8.50754623e-02      4.19388341e-02     -3.23614284e-01     -9.73718594e-01     -6.80238033e-01      
 x3.x3    
x3.x4     -9.12834117e-01      2.44989693e-01      9.69326179e-02      8.97750336e-02     -2.41156703e-01    
x3.x5     -4.20235904e-01     -6.86633210e-01     -7.11275879e-01     -3.25377114e-03      4.35195765e-01    
x3.x6      2.83691409e-03     -1.68756665e-01     -1.34045359e-01     -6.55234655e-01      1.72361350e-01    
x3.x7      3.76290996e-01     -9.62214710e-01     -3.63174128e-01     -8.87769782e-01     -5.19928621e-01    
x3.x8     -9.84415443e-01      6.01528975e-01     -9.84102609e-01     -2.28236933e-01     -5.78066457e-01    
x3.x9      6.06122809e-01      9.59634895e-01      2.25943126e-03      1.01813593e-02      4.41455557e-01    
x3.x10      4.06631412e-01     -1.00638249e-02     -1.77971774e-01     -4.91074844e-01      5.37034648e-01    
x3.x11     -6.99424244e-01      7.42284856e-01      1.81443249e-02      7.18971296e-01     -3.08271820e-02    
x3.x12      5.24475504e-01      9.56457114e-01      1.43023658e-01      6.16480752e-01      2.17908744e-01    
x3.x13     -2.62427212e-01     -9.38208037e-01     -5.24789730e-01      1.29189593e-01      7.21925152e-01    
x3.x14      4.70844664e-01     -9.76466323e-02      5.07806682e-01      8.04148136e-01      9.63268660e-01    
x3.x15     -8.32564837e-01     -3.12441058e-01      3.27779328e-01      1.84744619e-01      2.46138863e-01    
x4.x1      2.81031675e-01      5.08749158e-01     -2.65389465e-02     -9.20132750e-01      3.08860608e-01      
 x4.x2     -2.09617203e-01      9.68435593e-01      9.08797775e-01      9.75850828e-01     -9.94917572e-01      
 x4.x3     -9.12834117e-01      2.44989693e-01      9.69326179e-02      8.97750336e-02     -2.41156703e-01      
 x4.x4    
x4.x5     -9.31734455e-01     -3.27827333e-02      3.19292815e-01      4.44730301e-02     -6.41644906e-01    
x4.x6     -2.93934202e-01     -6.33729834e-01      4.09658371e-01      7.59892127e-01     -2.57077641e-01    
x4.x7     -2.27661167e-01      1.15753927e-01      1.09639890e-01     -2.40556865e-01      6.68419933e-01    
x4.x8     -4.51536312e-01      2.64960857e-01     -6.13660497e-01     -2.04783210e-01     -8.42476132e-01    
x4.x9     -9.85225749e-02      6.71501486e-02     -5.27707129e-01     -5.09488774e-01     -8.83253642e-01    
x4.x10     -9.06465275e-01      4.96238145e-01     -8.53210775e-01     -7.79234029e-01     -9.79515494e-01    
x4.x11      2.28969073e-01     -4.02828678e-01     -9.70118024e-01      7.62558965e-01      5.06495088e-01    
x4.x12      8.97304406e-01      6.86003143e-01      7.39986280e-01      1.57310133e-01      2.81696848e-01    
x4.x13     -7.80823534e-01      4.49715545e-01      1.25225233e-01      4.87648999e-01      1.47045787e-01    
x4.x14      5.93707486e-01     -3.11828497e-01     -7.97099484e-01     -3.58150293e-01      9.58079736e-01    
x4.x15      7.72425743e-01      7.20573857e-01     -8.73217483e-01      3.71431496e-01     -8.26029447e-01    
x5.x1     -3.74202511e-01      2.07359172e-01     -2.19432778e-01      9.14103658e-01      1.84407539e-01      
 x5.x2      6.28171474e-01      7.61227650e-01      3.43719848e-01     -7.92042036e-01     -1.44764517e-01      
 x5.x3     -4.20235904e-01     -6.86633210e-01     -7.11275879e-01     -3.25377114e-03      4.35195765e-01      
 x5.x4     -9.31734455e-01     -3.27827333e-02      3.19292815e-01      4.44730301e-02     -6.41644906e-01      
 x5.x5    
x5.x6      7.06090313e-01     -6.58158143e-01     -7.82185066e-01     -8.06743379e-01     -6.27985894e-01    
x5.x7     -2.58494512e-01     -7.96523526e-01      2.22497633e-01      8.75450237e-02     -9.17107520e-02    
x5.x8     -1.10255535e-01      4.17576409e-02      2.44759741e-01      9.41339358e-01     -6.13782737e-01    
x5.x9      3.00774708e-01     -8.20314198e-01     -8.94233424e-01     -4.05896365e-01      7.35439203e-02    
x5.x10     -3.94354845e-01      1.25096794e-01     -3.16385579e-01     -7.01214745e-01     -8.45741724e-01    
x5.x11     -4.13742849e-01      4.06725082e-01     -4.23813095e-01     -9.41254772e-01     -5.58804328e-01    
x5.x12      3.45313833e-01      3.19142799e-01     -6.44652773e-01     -4.08414595e-02      1.76461459e-01    
x5.x13      4.70737144e-01     -9.14926626e-01     -5.91522561e-01     -6.06613865e-01     -1.81872750e-01    
x5.x14      5.02080399e-01     -5.36703946e-01      3.59651635e-01      8.39081585e-01      5.68170012e-01    
x5.x15     -3.32784909e-03      4.59537903e-01     -5.18313009e-01     -2.70737953e-01     -6.29958009e-01    
x6.x1     -8.85649958e-01     -3.75905798e-01     -7.08947834e-01     -3.79019861e-01      5.76577501e-01      
 x6.x2      1.33605798e-02     -2.60565471e-02     -7.42377468e-01      4.26390829e-01      4.08202481e-01      
 x6.x3      2.83691409e-03     -1.68756665e-01     -1.34045359e-01     -6.55234655e-01      1.72361350e-01      
 x6.x4     -2.93934202e-01     -6.33729834e-01      4.09658371e-01      7.59892127e-01     -2.57077641e-01      
 x6.x5      7.06090313e-01     -6.58158143e-01     -7.82185066e-01     -8.06743379e-01     -6.27985894e-01      
 x6.x6    
x6.x7     -7.21572664e-01      4.31107176e-01     -2.21876720e-01      3.25430182e-01      1.63742996e-01    
x6.x8      6.95064158e-01     -6.56856052e-01      7.41630464e-02      2.64319122e-01     -7.31739707e-01    
x6.x9     -4.89340976e-01      6.78946000e-01      2.71269035e-02      8.04878577e-01     -4.02972670e-01    
x6.x10      7.60082297e-01     -8.78364062e-01      1.76801300e-01     -5.48932114e-01     -2.25600719e-01    
x6.x11     -2.08142807e-01      7.76799696e-01     -5.42743438e-01     -1.56021097e-01      6.71735696e-01    
x6.x12     -4.19588080e-01     -7.52896261e-02      2.99447283e-02     -4.94458504e-01     -7.24149761e-01    
x6.x13     -3.26459723e-01     -9.66050327e-01      1.27604556e-02      5.63174175e-01     -8.14852795e-01    
x6.x14     -5.26793677e-01     -8.01901692e-01     -7.53396601e-01      6.17418112e-01      6.89873897e-01    
x6.x15      6.68786368e-01      3.04652650e-02     -6.25220740e-01     -1.33180178e-01      8.27343256e-01    
x7.x1     -4.70261567e-01      5.72576474e-01      3.51245198e-01     -4.80477067e-01      2.38260668e-01      
 x7.x2     -3.51053212e-02     -7.23444065e-01     -5.77653982e-01      2.76004064e-02      7.12472162e-02      
 x7.x3      3.76290996e-01     -9.62214710e-01     -3.63174128e-01     -8.87769782e-01     -5.19928621e-01      
 x7.x4     -2.27661167e-01      1.15753927e-01      1.09639890e-01     -2.40556865e-01      6.68419933e-01      
 x7.x5     -2.58494512e-01     -7.96523526e-01      2.22497633e-01      8.75450237e-02     -9.17107520e-02      
 x7.x6     -7.21572664e-01      4.31107176e-01     -2.21876720e-01      3.25430182e-01      1.63742996e-01      
 x7.x7    
x7.x8     -9.99522202e-01     -5.25573733e-02     -4.58319320e-01      5.87409044e-01     -3.34638950e-01    
x7.x9      2.55826597e-02      1.28943782e-01      1.73169507e-01     -2.84308643e-01      2.87160724e-01    
x7.x10     -4.33083401e-01     -2.42821177e-01      8.78878558e-01      6.91699366e-01     -6.60499439e-01    
x7.x11      5.99856287e-01     -7.11442434e-01     -7.98697004e-01     -2.44945153e-01     -9.42648981e-01    
x7.x12     -4.94671641e-01      4.39940762e-01     -8.82160273e-01      1.70196228e-01      6.50733503e-01    
x7.x13     -4.68732432e-01      3.42133142e-01     -8.38070957e-01     -8.32362229e-01      6.58177372e-01    
x7.x14      1.49473213e-01      6.93310166e-01     -4.91847933e-01      7.49159818e-01      5.26025048e-01    
x7.x15      9.98095998e-02      4.68760581e-01      3.24649421e-01      1.28487688e-01      5.44144231e-01    
x8.x1     -8.27301921e-01      6.69248332e-01      4.94474685e-01      6.91715161e-01     -1.98584611e-01      
 x8.x2      1.55450854e-01      4.42717183e-01     -7.92786133e-01      9.25784804e-01      6.70266098e-01      
 x8.x3     -9.84415443e-01      6.01528975e-01     -9.84102609e-01     -2.28236933e-01     -5.78066457e-01      
 x8.x4     -4.51536312e-01      2.64960857e-01     -6.13660497e-01     -2.04783210e-01     -8.42476132e-01      
 x8.x5     -1.10255535e-01      4.17576409e-02      2.44759741e-01      9.41339358e-01     -6.13782737e-01      
 x8.x6      6.95064158e-01     -6.56856052e-01      7.41630464e-02      2.64319122e-01     -7.31739707e-01      
 x8.x7     -9.99522202e-01     -5.25573733e-02     -4.58319320e-01      5.87409044e-01     -3.34638950e-01      
 x8.x8    
x8.x9      9.65228768e-01     -7.93140001e-01     -5.45421439e-01     -5.00242999e-01      1.54370606e-01    
x8.x10     -2.59107923e-01     -8.68862234e-01     -5.07309611e-01     -8.48316567e-01      8.35712050e-01    
x8.x11     -4.42608360e-01     -1.57999622e-01      3.13451335e-01      7.03747727e-01     -7.55984437e-01    
x8.x12      4.91563966e-01      9.85068219e-01      6.78644034e-01      8.08324212e-01      8.19750487e-01    
x8.x13     -8.39855261e-01      2.82368236e-03     -5.69164566e-01      8.84339087e-02     -2.22144108e-01    
x8.x14     -5.65198370e-01      6.48239892e-01      9.56913749e-01     -6.20912281e-02      6.34479237e-01    
x8.x15      4.64664015e-01      3.77021718e-01      6.30470360e-01     -1.98618921e-01     -5.76153256e-01    
x9.x1      9.59669081e-01      8.84085701e-01     -2.18632279e-01     -8.65160655e-01     -7.15996926e-01      
 x9.x2     -6.38280885e-01      3.33094312e-01      4.77627891e-01      4.72609568e-01      2.31509784e-01      
 x9.x3      6.06122809e-01      9.59634895e-01      2.25943126e-03      1.01813593e-02      4.41455557e-01      
 x9.x4     -9.85225749e-02      6.71501486e-02     -5.27707129e-01     -5.09488774e-01     -8.83253642e-01      
 x9.x5      3.00774708e-01     -8.20314198e-01     -8.94233424e-01     -4.05896365e-01      7.35439203e-02      
 x9.x6     -4.89340976e-01      6.78946000e-01      2.71269035e-02      8.04878577e-01     -4.02972670e-01      
 x9.x7      2.55826597e-02      1.28943782e-01      1.73169507e-01     -2.84308643e-01      2.87160724e-01      
 x9.x8      9.65228768e-01     -7.93140001e-01     -5.45421439e-01     -5.00242999e-01      1.54370606e-01      
 x9.x9    
x9.x10     -5.24244896e-01     -1.87299136e-01     -6.14523866e-01      4.29316227e-01     -4.91171394e-01    
x9.x11     -3.33898004e-01     -6.46635929e-01     -1.89708953e-02     -3.39604885e-01     -7.98791412e-01    
x9.x12      3.67011907e-01      8.52544831e-01      4.35570019e-01      1.50039016e-01     -4.54541640e-02    
x9.x13     -5.98288373e-01     -5.00695880e-01      2.49008273e-01      3.70710945e-01     -6.33174274e-01    
x9.x14      4.20059644e-01      1.69373320e-01     -9.75541585e-01     -2.97851716e-02      8.04810084e-01    
x9.x15     -6.70966730e-01      9.35791856e-01     -3.56049754e-01      1.75773106e-01      8.78600634e-01    
x10.x1      6.92355954e-01      6.46453267e-01     -4.01724172e-01      6.15442646e-01     -6.01957343e-02      
 x10.x2     -5.89803380e-01      7.96274903e-01      5.77130093e-01      1.01148527e-01      9.70191460e-01      
 x10.x3      4.06631412e-01     -1.00638249e-02     -1.77971774e-01     -4.91074844e-01      5.37034648e-01      
 x10.x4     -9.06465275e-01      4.96238145e-01     -8.53210775e-01     -7.79234029e-01     -9.79515494e-01      
 x10.x5     -3.94354845e-01      1.25096794e-01     -3.16385579e-01     -7.01214745e-01     -8.45741724e-01      
 x10.x6      7.60082297e-01     -8.78364062e-01      1.76801300e-01     -5.48932114e-01     -2.25600719e-01      
 x10.x7     -4.33083401e-01     -2.42821177e-01      8.78878558e-01      6.91699366e-01     -6.60499439e-01      
 x10.x8     -2.59107923e-01     -8.68862234e-01     -5.07309611e-01     -8.48316567e-01      8.35712050e-01      
 x10.x9     -5.24244896e-01     -1.87299136e-01     -6.14523866e-01      4.29316227e-01     -4.91171394e-01      
 x10.x10    
x10.x11     -9.32517371e-01     -3.72496803e-01     -7.32907173e-02     -1.85493354e-01     -3.57003643e-01    
x10.x12     -2.29239460e-01      5.30256343e-01     -5.13270136e-01      4.41870068e-01      9.40308863e-01    
x10.x13     -2.76120970e-02      7.43829973e-01     -6.30328827e-01     -7.63376334e-01      6.25379776e-01    
x10.x14      8.91597677e-01      6.80493501e-01      4.71868270e-01     -7.69786548e-01     -8.78098985e-01    
x10.x15      3.54361601e-01     -1.79199674e-01     -2.25034265e-01     -4.45480078e-01      5.98865361e-01    
x11.x1     -2.07986598e-01     -8.65931467e-01      6.13731919e-01     -5.25712469e-01     -9.95727709e-01      
 x11.x2      8.14768524e-01     -6.87269422e-02      7.12757609e-01     -1.91811914e-01     -3.90938221e-01      
 x11.x3     -6.99424244e-01      7.42284856e-01      1.81443249e-02      7.18971296e-01     -3.08271820e-02      
 x11.x4      2.28969073e-01     -4.02828678e-01     -9.70118024e-01      7.62558965e-01      5.06495088e-01      
 x11.x5     -4.13742849e-01      4.06725082e-01     -4.23813095e-01     -9.41254772e-01     -5.58804328e-01      
 x11.x6     -2.08142807e-01      7.76799696e-01     -5.42743438e-01     -1.56021097e-01      6.71735696e-01      
 x11.x7      5.99856287e-01     -7.11442434e-01     -7.98697004e-01     -2.44945153e-01     -9.42648981e-01      
 x11.x8     -4.42608360e-01     -1.57999622e-01      3.13451335e-01      7.03747727e-01     -7.55984437e-01      
 x11.x9     -3.33898004e-01     -6.46635929e-01     -1.89708953e-02     -3.39604885e-01     -7.98791412e-01      
 x11.x10     -9.32517371e-01     -3.72496803e-01     -7.32907173e-02     -1.85493354e-01     -3.57003643e-01      
 x11.x11    
x11.x12     -4.78961688e-01      3.27192615e-01     -5.25784448e-01      9.03178747e-01     -8.99247728e-01    
x11.x13      1.54328564e-01      4.99807957e-01     -8.36326545e-01     -8.02626571e-01      3.78081744e-01    
x11.x14     -4.79260163e-01     -3.35500394e-01     -6.99445146e-01      2.37731346e-01     -3.24597130e-01    
x11.x15     -4.25849774e-01     -7.10739172e-01     -1.44068055e-01     -8.28544719e-01     -8.00912277e-01    
x12.x1     -6.41730369e-02      6.62130891e-01     -7.07047502e-01     -3.40422586e-01      6.06239942e-01      
 x12.x2      9.21519279e-01      9.23094295e-01      9.30110136e-01     -9.45394239e-01     -9.34027457e-02      
 x12.x3      5.24475504e-01      9.56457114e-01      1.43023658e-01      6.16480752e-01      2.17908744e-01      
 x12.x4      8.97304406e-01      6.86003143e-01      7.39986280e-01      1.57310133e-01      2.81696848e-01      
 x12.x5      3.45313833e-01      3.19142799e-01     -6.44652773e-01     -4.08414595e-02      1.76461459e-01      
 x12.x6     -4.19588080e-01     -7.52896261e-02      2.99447283e-02     -4.94458504e-01     -7.24149761e-01      
 x12.x7     -4.94671641e-01      4.39940762e-01     -8.82160273e-01      1.70196228e-01      6.50733503e-01      
 x12.x8      4.91563966e-01      9.85068219e-01      6.78644034e-01      8.08324212e-01      8.19750487e-01      
 x12.x9      3.67011907e-01      8.52544831e-01      4.35570019e-01      1.50039016e-01     -4.54541640e-02      
 x12.x10     -2.29239460e-01      5.30256343e-01     -5.13270136e-01      4.41870068e-01      9.40308863e-01      
 x12.x11     -4.78961688e-01      3.27192615e-01     -5.25784448e-01      9.03178747e-01     -8.99247728e-01      
 x12.x12    
x12.x13     -6.36749898e-01     -1.66959530e-01      2.40427446e-01     -5.13443435e-01      8.12664189e-01    
x12.x14      9.70612209e-01      1.72899452e-03     -7.26378372e-01     -9.85011975e-02      2.24232459e-01    
x12.x15      5.60077438e-01     -8.13111592e-01      1.12893658e-01     -9.55365983e-02      1.87107212e-02    
x13.x1     -1.60446309e-01     -3.94585058e-01     -1.67581384e-01      6.79848933e-02      4.49799292e-01      
 x13.x2     -7.95608960e-01     -2.89563116e-01      6.14235815e-01     -6.70585202e-01      4.66877329e-01      
 x13.x3     -2.62427212e-01     -9.38208037e-01     -5.24789730e-01      1.29189593e-01      7.21925152e-01      
 x13.x4     -7.80823534e-01      4.49715545e-01      1.25225233e-01      4.87648999e-01      1.47045787e-01      
 x13.x5      4.70737144e-01     -9.14926626e-01     -5.91522561e-01     -6.06613865e-01     -1.81872750e-01      
 x13.x6     -3.26459723e-01     -9.66050327e-01      1.27604556e-02      5.63174175e-01     -8.14852795e-01      
 x13.x7     -4.68732432e-01      3.42133142e-01     -8.38070957e-01     -8.32362229e-01      6.58177372e-01      
 x13.x8     -8.39855261e-01      2.82368236e-03     -5.69164566e-01      8.84339087e-02     -2.22144108e-01      
 x13.x9     -5.98288373e-01     -5.00695880e-01      2.49008273e-01      3.70710945e-01     -6.33174274e-01      
 x13.x10     -2.76120970e-02      7.43829973e-01     -6.30328827e-01     -7.63376334e-01      6.25379776e-01      
 x13.x11      1.54328564e-01      4.99807957e-01     -8.36326545e-01     -8.02626571e-01      3.78081744e-01      
 x13.x12     -6.36749898e-01     -1.66959530e-01      2.40427446e-01     -5.13443435e-01      8.12664189e-01      
 x13.x13    
x13.x14      1.23076391e-01      5.50338189e-01      4.00333828e-01     -3.67815698e-01      1.98455349e-01    
x13.x15      2.78976186e-01      7.14816610e-01      3.07911036e-01      8.12860629e-01     -4.03496592e-01    
x14.x1     -9.18638141e-03      4.46808306e-03      4.04395504e-01      4.49995617e-01      1.62710693e-01      
 x14.x2     -2.06415564e-01      6.93699853e-01     -9.67958038e-01     -9.51247223e-02     -9.42473484e-01      
 x14.x3      4.70844664e-01     -9.76466323e-02      5.07806682e-01      8.04148136e-01      9.63268660e-01      
 x14.x4      5.93707486e-01     -3.11828497e-01     -7.97099484e-01     -3.58150293e-01      9.58079736e-01      
 x14.x5      5.02080399e-01     -5.36703946e-01      3.59651635e-01      8.39081585e-01      5.68170012e-01      
 x14.x6     -5.26793677e-01     -8.01901692e-01     -7.53396601e-01      6.17418112e-01      6.89873897e-01      
 x14.x7      1.49473213e-01      6.93310166e-01     -4.91847933e-01      7.49159818e-01      5.26025048e-01      
 x14.x8     -5.65198370e-01      6.48239892e-01      9.56913749e-01     -6.20912281e-02      6.34479237e-01      
 x14.x9      4.20059644e-01      1.69373320e-01     -9.75541585e-01     -2.97851716e-02      8.04810084e-01      
 x14.x10      8.91597677e-01      6.80493501e-01      4.71868270e-01     -7.69786548e-01     -8.78098985e-01      
 x14.x11     -4.79260163e-01     -3.35500394e-01     -6.99445146e-01      2.37731346e-01     -3.24597130e-01      
 x14.x12      9.70612209e-01      1.72899452e-03     -7.26378372e-01     -9.85011975e-02      2.24232459e-01      
 x14.x13      1.23076391e-01      5.50338189e-01      4.00333828e-01     -3.67815698e-01      1.98455349e-01      
 x14.x14    
x14.x15     -1.61822827e-01     -1.20835164e-01      3.23172412e-01      5.83739074e-01      7.32923574e-01    
x15.x1     -5.63345184e-01     -1.14992531e-01      5.49589059e-01     -7.75140538e-01      6.77726241e-01      
 x15.x2     -6.55471702e-01     -9.60985615e-02     -3.02779473e-01     -7.34975969e-01     -3.42188039e-01      
 x15.x3     -8.32564837e-01     -3.12441058e-01      3.27779328e-01      1.84744619e-01      2.46138863e-01      
 x15.x4      7.72425743e-01      7.20573857e-01     -8.73217483e-01      3.71431496e-01     -8.26029447e-01      
 x15.x5     -3.32784909e-03      4.59537903e-01     -5.18313009e-01     -2.70737953e-01     -6.29958009e-01      
 x15.x6      6.68786368e-01      3.04652650e-02     -6.25220740e-01     -1.33180178e-01      8.27343256e-01      
 x15.x7      9.98095998e-02      4.68760581e-01      3.24649421e-01      1.28487688e-01      5.44144231e-01      
 x15.x8      4.64664015e-01      3.77021718e-01      6.30470360e-01     -1.98618921e-01     -5.76153256e-01      
 x15.x9     -6.70966730e-01      9.35791856e-01     -3.56049754e-01      1.75773106e-01      8.78600634e-01      
 x15.x10      3.54361601e-01     -1.79199674e-01     -2.25034265e-01     -4.45480078e-01      5.98865361e-01      
 x15.x11     -4.25849774e-01     -7.10739172e-01     -1.44068055e-01     -8.28544719e-01     -8.00912277e-01      
 x15.x12      5.60077438e-01     -8.13111592e-01      1.12893658e-01     -9.55365983e-02      1.87107212e-02      
 x15.x13      2.78976186e-01      7.14816610e-01      3.07911036e-01      8.12860629e-01     -4.03496592e-01      
 x15.x14     -1.61822827e-01     -1.20835164e-01      3.23172412e-01      5.83739074e-01      7.32923574e-01      
 x15.x15    
 ;

SET mccSet(Vars,Vars)  pairs with large diff for mcc relaxation  / 
x1.x2 
  x1.x3 
  x1.x4 
  x1.x5 
  x1.x6 
  x1.x7 
  x1.x8 
  x1.x9 
  x1.x10 
  x1.x11 
  x1.x13 
  x1.x14 
  x1.x15 
  x2.x3 
  x2.x4 
  x2.x5 
  x2.x6 
  x2.x7 
  x2.x8 
  x2.x9 
  x2.x10 
  x2.x11 
  x2.x13 
  x2.x14 
  x2.x15 
  x3.x4 
  x3.x5 
  x3.x6 
  x3.x7 
  x3.x8 
  x3.x9 
  x3.x10 
  x3.x11 
  x3.x13 
  x3.x14 
  x3.x15 
  x4.x5 
  x4.x6 
  x4.x7 
  x4.x8 
  x4.x9 
  x4.x10 
  x4.x11 
  x4.x13 
  x4.x14 
  x4.x15 
  x5.x6 
  x5.x7 
  x5.x8 
  x5.x9 
  x5.x10 
  x5.x11 
  x5.x13 
  x5.x14 
  x5.x15 
  x6.x7 
  x6.x9 
  x6.x10 
  x6.x11 
  x6.x13 
  x6.x14 
  x6.x15 
  x7.x8 
  x7.x9 
  x7.x10 
  x7.x11 
  x7.x13 
  x7.x14 
  x7.x15 
  x8.x9 
  x8.x11 
  x8.x13 
  x8.x14 
  x8.x15 
  x9.x10 
  x9.x11 
  x9.x13 
  x9.x15 
  x10.x11 
  x10.x13 
  x10.x14 
  x10.x15 
  x11.x13 
  x11.x14 
  x11.x15 
  x13.x14 
  x13.x15 
  x14.x15 
   / ; 

SET socSet(Vars,Vars)  pairs with large diff for soc relaxation  / 
x1.x2 
  x1.x4 
  x1.x5 
  x1.x6 
  x1.x7 
  x1.x8 
  x1.x9 
  x1.x11 
  x1.x12 
  x1.x13 
  x1.x14 
  x2.x3 
  x2.x4 
  x2.x5 
  x2.x6 
  x2.x7 
  x2.x8 
  x2.x9 
  x2.x10 
  x2.x11 
  x2.x12 
  x2.x13 
  x2.x14 
  x2.x15 
  x3.x5 
  x3.x7 
  x3.x8 
  x3.x9 
  x3.x11 
  x3.x12 
  x3.x14 
  x4.x5 
  x4.x6 
  x4.x7 
  x4.x8 
  x4.x9 
  x4.x10 
  x4.x11 
  x4.x12 
  x4.x14 
  x5.x7 
  x5.x8 
  x5.x9 
  x5.x10 
  x5.x11 
  x5.x14 
  x6.x8 
  x6.x9 
  x6.x11 
  x6.x12 
  x6.x13 
  x6.x14 
  x7.x8 
  x7.x9 
  x7.x10 
  x7.x11 
  x7.x12 
  x7.x14 
  x8.x9 
  x8.x10 
  x8.x11 
  x8.x12 
  x8.x13 
  x8.x14 
  x8.x15 
  x9.x10 
  x9.x11 
  x9.x12 
  x9.x13 
  x9.x14 
  x9.x15 
  x10.x11 
  x10.x13 
  x10.x14 
  x11.x12 
  x11.x13 
  x11.x14 
  x11.x15 
  x12.x13 
  x12.x14 
  x13.x14 
  x13.x15 
  x14.x15 
   / ; 

SET UseSOC(Vars,Vars);
SET notSOC(Vars,Vars);
UseSOC(Vars,Vars)=no;
UseSOC(mccSet)=yes;
UseSOC(socSet)=no;
notSOC(Vars,Vars)=no;
notSOC(Pairs)=yes;
notSOC(UseSOC)=no;
*problem 1 : LBmcc  -4.65882697e+00, LBsocpP  -1.39063697e+00, UBo   1.80364614e+00
 
POSITIVE VARIABLES x(j);

POSITIVE VARIABLES w(j,jj);

VARIABLES z;

EQUATIONS
   OBJective
   xub(j)
   wx(j,jj)
   cQ(QuadCons)
   conLBP(j,jj)
   conUBP(j,jj)
   conLBM(j,jj)
   conUBM(j,jj)
   McC1(j,jj)
   McC2(j,jj)
   McC3(j,jj)
   soc1(j,jj)
   soc2(j,jj)
*   wsym(j,jj)
;

OBJective.. z =e= SUM(j, c0(j) * x(j))
  + 0.5 * SUM((j,jj)$Pairs(j,jj), Q0(j,jj) *w(j,jj));

xub(j)..  x(j) =l= 1;

wx(j,jj)$Pairs(j,jj)..  w(j,jj) =e= x(j)*x(jj);

cQ(QuadCons).. g(QuadCons) =g=
  SUM(j, cmat(QuadCons,j)*x(j)) +
  0.5 * SUM((j,jj)$Pairs(j,jj), Q(j,jj,QuadCons) *w(j,jj));

conLBP(j,jj)$(ord(jj) gt ord(j)) .. 0.5 =l= x(jj) + x(j);

conUBP(j,jj)$(ord(jj) gt ord(j)) .. 1.5 =g= x(jj) + x(j);

conLBM(j,jj)$(ord(jj) gt ord(j)) .. -0.5 =l= x(jj) - x(j);

conUBM(j,jj)$(ord(jj) gt ord(j)) .. 0.5 =g= x(jj) - x(j);

McC1(j,jj)$Pairs(j,jj) .. w(j,jj) =g= x(j) + x(jj) - 1;

McC2(j,jj)$Pairs(j,jj) .. w(j,jj) =l= x(j);

McC3(j,jj)$Pairs(j,jj) .. w(j,jj) =l= x(jj);

soc1(j,jj)$Pairs(j,jj) .. sqr(x(j) + x(jj)) =l= 4*w(j,jj) + 0.25 ;

soc2(j,jj)$Pairs(j,jj) .. sqr(x(j) - x(jj)) =l= -4*w(j,jj) + 2*(x(j)+x(jj))
               - 0.75;

*wsym(j,jj) .. w(j,jj) =e= w(jj,j);

model diam  /all/;

solve diam using nlp minimizing z;

